2146 3082 5517 6381 7654 1370 2584  206  313  778 7268 4536 8600 3183 9074  973 3716 7846 9026 2254 2462 9633 8117  549 1315 7938 5304 4491 7432 8094 9963 9343  946 9767 3421 7238 9543 3619 8520 2031 2064 1666 5217 8921 9781 1067  247 1292  259 1845 1710 1362 9197 8145 7424 4997 1014 3583 6994  723 6155 9905 3400 4665 9194 6898 4079  196 1922 9211 5645 2875  141 9373 3135 1726 4472  688 4624 9848 7386 7872 7786 7899 7177 9138 4688 1924 8659 6957 6238 4107 6919 7083 4159 5207 1077 5518 2743 7853
8141 9712 2397 3815 2202 5052 1663 3261 7907 3521 8452 7663 5021 5204 7742 1933 3960 4931 6759 7621 1227 9859 4339 2890 6519  307   80 6745 6006 5665 2759 5483 5390 5407 6142 9120 4025 7294 3448 3505 1753 2905 8453 5723  698 3919 9885  935 4905 3550  715 2365 7748 9310 2940 5284 4159 3232    4 9620 3752 6719 8075 6571 5409 3730 4628 2589 3032 9186 9103 4925 3825 6048 3934  461 5168 7737 4137 7951 6858 5708 6237 9070 1051 6001 2249 1305 7876 4005 1663 9860 9152 3016 6219 8054 5115 9782 9173  465
7139 3008 6717 4238  176   82 4939 4200 9153 7303 9096 4009 2231  614 8858 6507 2608 9762 3911 1864 2513 6178 8704 2058 9657 5081 7508 9164 4038 5513 2931  133 9829 4581  656 6795 3501 9338 5698 9967 5660 5645 5489  127 8486 8724 3857 6604 3996 8174 3348 7069 1915 7287  150 9826 9885 5281 9425 5139 2479  509 4946 5244 2757 9467 4108 2931 8353 6808 9761 7163 3416 7393 3576 5742 8890  250 4406 1612 8247 8105 1978 4565 8328 1764 9655 2302 5921 1257 1004 5563 4184 8081 3369 9666 3951 2031  489 8961
8876 8600 2976 4040 1961 4519 3906 6150 4414 6170  632 9689 2067 6457 4247  477 2296 1471 6211 8036 2306 5272 1662 6684 8990  290 6593 9506 2922 1956 1164 5197  776  950 1778 2457 6493 1877 3148 1405  902 5161 4828  419 7436 2742 7942 6099 9049 4299 9705 5017  239 7938 8026 9457 6335 9534 2535 7935 9337  924 6464 2094 9082 8108 6055 9591 4866 6567 2238 9897 8171 7129 2995 2678 9519 4239 8408 4806  707 6141 6589 2893 4862 3412 4587 4187 1702 6677 6088 1123 4240 8699 1484 3299 9262 8729 5378 7094
4452 7092 1670 6380 3854 8506 8990 3254 2994 6888 1734 5729 3610  756 5959 6521 5037 4823 2098 9584 5694 3033 5423 4715 6905 4597 5687 1938 9670 3585 5727 6430 6320 3333 2727 3958 4217 9803 4420 5019 7431  480 6463 3730 6607 9016  763 2055 6845 5011 4568 5039 6304 9456  536 9409 6310 4577 1860 8513 5113 1578 1563 1185  438  414 4837 2374 2681 9230 4487 2960 7343 9614 2571 1753 7518 2710 1461 9959 8497  394 8327  132  943 6048  890 8721 5948  275 3533 6407 7709 4187 6949  142 3608 7821 1291 3065
2846  848  333 8653 3014 1555 7401 6144 3464 1980 3353 7153  747 2347 9102   95 6865 4393 1825 1990 8791  815 1814  482 5056 3728 8075 3073 3111 3701 4026  381 9366 4110 1771 2025 5536  359 2844 7284 8492 5645 3660 6200 5771 3073 5439 1280 4804 7477 8262 1284 5652  636 5842 3761 7952 7982 8072 3631   25 3417 5897 5278 9737 8079 2932 8122 5201 2399 2663 4592 9521 8629 5144 4294 9598 3113 3183 1150 9342 5142 9369 5608 9052 7228 6695 8558 7125 8754 2342 9425 5924 8423  289 8714 5365 3076 6884 8170
8375 9989 3767  335 3009 1332 9453 2720 2589  384 7008 1537 8624 2246  973  739 3853 4448 4248 2743 7328 3177 7639 2232 1538 3849 7345 7252 5851 3422  917 3557 1630  131 6257 9894 9633 1114 8707 4891 2214 6346 3246 4142 2883 9311 5636 7026 8682  426 7392 9247 2885 4811 1432 5459 3790 4530 1639 3848 1765 8569  317 8825 8529 6641 6698 5901 4684 8588 7515 2562 8181 4974 3383 3570  735 3929  679 1988 1230 1741 3266 2848 9279  776  384  466 9151 5049 2069 2748 2165 5454 2014 8646 7469 8410  585  334
3904 1386 4818 7094 3355 3234 3383 6161 4681 1107 9559 1856 3179 3639 9581 4347 1174  885 1595 6284 1685 4930 6384 7656 3799 6554 7553 9779 9814  674 6950 6031 7671 6786 1908 9017 5117 1962 9553 1562 8491 5557 2953 4438 9952 6071  591 1455 8046 7550  149 8767 3880 1763 8174 5971  503 1331 7117 2082 1973 4885 7727 9482 2702 3854 3071 7735 6022 3004 6982 3351 3538 5849 6022 6815 3408 1073 3077 4016 1992 6624 7683 3464 1828 9321 7428 8005 4650 8517 9585  360 2129 6449 1462 8092 5851 2632 7398 5923
 819 9350 3179 1547 4270 3123 7548  697 5880 6734 9231 6071 7972 9752 7891 4139 3054 6125 6666 3560 8089 7578 3170 4443 4309 6730 3538 2822 3385 3606 6282 8772 9853 7133 4994 7382 4768 7823 4462 7165 3858 3397 8097 8713 2721 2336 5381 6323 3104 1057 6892 2854 9105 2462 5189 4064 9764 5823 4466  925 7359 5907 3030 6305 7574 4139 3226 5127 4563 1489 8161 7622 9768 6048 6613 8436 5241 8863 8812  123 8029  976 2175 3327 8144 6172 2209 6678 1091 6601 9920 6609 2078 7433 7412 1843 3413 5865 3840 7232
2663 8068 5902 8591 3478 7480 8029 4079  319 2892 9182 3121 6989 4430  432 1148 7567 5372 1065 1332 2982 1773 4345 7544 3453 7578 7038 8131 2990 8989 5155 9592 8417 6303 3899 4591 9287 5326 2818 6931 5323 2103 9280 3075 8427 1555 2500 6944  766 1579 9586 9868 4760 9119 8412 5947 6852 8811 9117 1485 6518 5060 3919 7959  341 1607 6473 2422 2287 6318 3249 7716 6244 6859 6158  865 7365 7786 7284 1697 9679 9765 7447 6799 4778 6065 7659 5708 6854 1697 4403  174 3255 3077 2519 6685 3891 2532 3402 3374
8073 6051 2271 5257 5939  547 8578 7656  495 1106 4869 5470 4930 3678 1938   30  373 1329  374 6976 6979 9798 7319 9649 1418  409 1020 5997 8618 3818 9135 4067 6148 4210 3179 8186 2577 9648 9769 3009 9015 5614 6246 7543 8326 4209 3537  417 5818 3005 9967 8064 6352 5249 8956 5542 7375 9195 3110 3892 6414 6764 4619 7500 7693 8729 8691 1626 7147  933 5488 2276 7707 2127 4091 7031  118 8432 1224 1432 5022 3830 4599  258 5690 4059 1017 3919 6995  656 3895 8249 5809 5145 1764 5813 6933 1060 9217 3628
3106 5379 6784 5368 1088 4724 8349 1886 4916   34 6132 5469 4524  470 5602 1140 5954 6519 2281 9844 9590 3202 5348 8828 3137 5560 8281 6135 2312 3128 8935 9711 2370 2287 2165  826 7261 9555 5477 5581 5385 5186 3056 9183 1265 3378  712  394 5790 7030 4746  901  414  364 2489 1242 8969 9654 8072 3484 8391  644 6234 5057 9704 7395 2861 6612 7447 9266 7172  693 2352 1555 1231 3880 8149 3165  694 8426 8975 9665  167 2697 9674 9037 8009 5504 6120 1143 9024 9906 2698 5728 4030 7073 8135 3491 8754 4022
8408 3311 7218 8471 7212 8219  333 4380 2933 6460 7159 3631 1258 4667 5626 6760 8913 4051 7075 4833 6063 1335 1362 3530 6915 9840 7239  701 3273 1210  134 6684 8265  772 6032 8353 2926 5925 5786 7038 7580 8623   10 1011 7279 8246 2716 5246 3933 2854 2472 9428 3675 5665 8381  752 7637 4449 3156 3237  828 6416 2248 8246 9111 5018 2885 4720 7250 5319 7390 5468 8079 7138  919 1538 3678 6783 8508 9605 1772 7952 5318    6 2979 8375 5376 8607 7345 8863 1711 4990 4325 5900 9743 6139 3825 8774 2370 7132
5433 6168 4402 1427 1584 9969 7146 2750 6717 4611 6671 5697 7056 5465 2155 8508 5662 6714 1047 4637 5766 6046 6667 9946 7168 4836 5807 1751 3554 8558 3467 6542 1862 7572 9541 5054 8922 5175 9391 2198 9407 8565 5603 9237 7101 8781 3938 2134  747 8374 2317 7527 5421 2209 4743  529 2777   31   56 4782 9384 7810 2622 8224 4608 3594 5847 5283  490 1374 8684 3849 7433 9821 9337 3884 5810 7286 2104 1746 1878 5454 7002 3038 9127 8423 8763 6855 9113 2326 3478 6848 6870 5760 3061 9859 5448 4364 5847 2130
7412 6007 1955 8486 6221 4628  705 3564 1375 3332 3369 9768 1136 2539 2392 9416 2049 4370 9030 8362 9398 4021 4587 6847 3631 8582 8583  383 2008 5953 3529 4911 2231 2061 3886 9153 9369 2118 6499 6229 9166 5419 2014 7575  238 3423  502 4937 5152 8607 8275 1567 8429 2245 5893 3934 8637 2544 3051 6969 1391 7052 9767 7943 5429 9718  570 2732 1296 4793 8287 6759 4827 5351 4984 2721 5437 3271 1910 6456 2691 7581 9471 6635 9961 6593   68 5433 7053 3309 8621 7955 2559 8491 9200 8109 8342 4963 9214 8741
7761 8663 6440 3829 2084 9926  469 2984 1159 1651 3676 1993 2742 4319 8305 3601 8874 9773 1240 7864 5358 2641 7045 3501 6450 8717 2745 8422 1743 7966 5844 1924  846 2056 1048 2585  283 2184 6070  476 2942 2664 9018 2671 2443 7283 8002 6008 1437 3523 2999 9790 7912 1972 1883 9985 9372 3328 9183  365 2448  772 6945 8549 4446 7830 4443 6635 3460 7898 9803 1621 6415 6142 4648 3529 2413 8463 2446 2997 4671 7081  862 8765 4460 3203 6596 2401 7809 5440 3356 5797 7443 6630 6183 2692  790 4993 6977 7137
5594 7274  277 9411 9421 6992 4830  942 9738 2970 7679  566 4487 6468 4825 3870 8157 4935 6131 1019 9861 9575 5538  493 5536 1502 8887 1099 7418 3809 1650 7206 2994 3844 5833 3311 9035 8300 3797 4225 9767 8098 1921  802 6607 8204 3735 1025  892 4859 5367  837 8258 3453 8638 2064 8224 9241 9695   83 8687 8457 5881 9868 5006 7482 1780 7492 2883 1939 1339 3995 1900 1124 8197 3819 2500 4817 2849 1472  402  825 8190 7361 6544 1161 1358 7026  560 3886 5061 8580 5603 6199 9719 1706 2195 8836 2113 8247
9844 9374 2222  364 9987 8177 9552 7905 9722  765 8982 7313 4070 6230 4399 4623 7477 9286 9917 6856 2713  963 7291 6279 6634 1263 7414 6207 4987  366  405 8851 8275  217  747 8756 3431 3425 1659 1012 5413 4488 8250 4806 1596  109 9328 5529   55 7698 7180 7547 1637 9498 2210 4240 6309 7186 9598 7704 8633  249 4380 3872 8417 5115 2596 8606 5131 8417 5989 9757 4032 2364 6014 8313 1021 7311 9508  224 8947 6988 4280 7340 9032 1656 8030 2827 5315 5293  234 9368 8315 4655 2943 7761 1466 7950 3674 6584
3531  254 4780 2527 9329 2356 6514 9040 2069 9128  350 3323 4119 1225 2777 7016 8485 1177 3572 8617 3541 9605 1527 1685 8832 1140 5960 9261 8850 4058 1978 1519 8120 9908  594  428 5117 2700 3927 8188 8989   46 9959 8253 2074 5000 4148 5371 3003 1225 5013 4724 9453 7540  939 9666 7122 4641 5200 9725 5533 5859 4990 5250 2819  645 3343 7184  655 2233 1415 7289 7793 3805 1513 5228 5062 2131 7161 8014 8291 8697 3694 2719 1738 5422 1333 1287 3726 3919 4974 7157 9231 5366 2364  338 4356 3129 6773 7857
9474 7957 5651 5769 6058 3823 1508 6077 6239 9964 5939 2732 6748 6638 9530 3067  571 3937 8531 7942 5810 1792  757 7818 1332  883 6919 1483 9478 4534 9335 7777 3144 4186 3496 8967 3583 1996 7464 2539 4846 8357 2715 1858 4035 4167 9770 9500 1983  334 7226 3020  995  227 5393  734 2437 7763 6250 1381 5111 1621 6735 5346 4599 8779 6667 5766  551 7806 9575 6509 9832  188 3673 2886 8740 5659 6405 3966  143 1221 3024 7110 8201 8520 2176 4988 2091 6143 5166 5243 1255 9631 2980 5347 9138 5701 4651 3547
8521 9569 6952 7713 8368 7221 1152 2970 1708 5143 7659 5399 2265 8789  188 8673 7799 3040 1240 7471 3956   43 8918 4493 1525 6549 7182  303 8043 5299 7116 6054 6605  414 4468 4261 1205 4388 3699 6722 8966 2466 1355 8455 9996 9618 8941 1845 1939 6068  812  551 3598 1227 1505 7625 4186 5352   63 3087 7638 6039 7252 9418 5068 2595 1817 8576 2408 2753 6071  550 7518 2599 7222 6893 1063  257 2074 3173 8542 9492 1240  197 6281 6791 2079 5194 2944 7578 4235  339 8123 7179  928 3484 8864 7269 1206 9127
7819 9062 4421 6209 2822 6575 6393  811 2697 6305 9007 6495 8179 3359 9633 5001 4952 9625 5406 8470 4707 6677   90 6439 6195 3478 8680 7036 8499   74 3275 5963 5765 6213 5094   13 4938 9444 7790 8252  118 4553 3239 8682 1621 8744  377 9315 9272 6434 1026 4423 5011  207 9324 6523 8416 6758 6395 4821 2167  344 4572 1841 8084  353 8268 1958 6286  263 3087 5319 9367 6205 1427 1981 7331 1557 6410  631 8786 2244 8666 5539 6862  632  671 4973 3794 2277  484 9821 7926 7874 6975 9493 1301 2874  155 8951
5525 7792 6032 2027 9746 5501 9005 5634 4927 9490 6459 4563 1817 2132 1322 7891  519 6304 4578 6662 4080 9052 7242 7052 5213 5748 5013 3571 1026  701 6689 5607 7091 2425  532 2661 9053 5982 8227 9120 8312 6798 2633 2056 5033 1872 7730 7559 8324 9535 4270 6262 4502 9029 1123 3717 4285 5495 9012 2418 5191 3092 5211 9883 5295 7311 6881 4204 7493 6160 7637 5644 6555 3355 5328  528 2316 1638 1727 9942 4730 9706 4393 7132 4961 1162 8404 8529 2043 6815  734  399 4552 9521 4702  574  251 5178 3692 3142
2314 6451 7299 4133 4462 9711 5086 2768 4141 9312 9020 6619 2161 9827 5530 2561 6430 2254  591 3226 8452 1836 8090 8253 1262 8725 6129  963 5911 4419 6533 6601 5692 5659 1914 2100 5234 9041 6090  906 5474 3256 4488 7671 4944 1964 6737 1726 7034 4792 9460 2578 9932 7673 9267 5504 7449 7417 7405 8313 3624 7552 9299 3520 8234 6656 5356 3046 7890 2401 2956 1436 4364 1096 1499 4073 3659 6491 7904 1785 9588 6950 9988 6266  730 2624 6573 2816 3570 2313 8440  576 8490 4873 8519 8373 3666 1360 8964 7463
6460 6708 7837 4331 6028 1429 6866 6118 5734  706  178 8257 5334 6927 7416 4640  596 2460 2650  218 5935 7767   69 4076 1107 4011 1865 5723 2536   30 5382 2453 8217 9251 8093  167 5822 2294 7506 6566 6096 7836 9958 9454 5664   53 1357 2847 7980 4695 7345 6720 8884 8304 6250 6353 1979 6010  783 5234 4740 5144 8952 1051 4537 4887 4573 7560 3688 5633 4926 5498 7530 1562 2602 6763  917 5546 1955 2861 4571 7415 9782 8461 4282 2491 4657  108 8679 9910 3047 3200 7560 4600 6927 9321 1454 2616 6890 9033
2657 2067 4869 6860 3149 5402 8867 5862 5952 3775 8497 5375 8183 5853 6620 5679 3267  896 5523 7704 6842 5026 2943 3756   26 5062 9198 9284 7077 6933 6103 9997 6490 1984 8236 8033 6900 7876 1591 6967 4581 2130 7931 7890 3149 7018 2407 9402 9824 8259 9645 6956 9735 7288 5979 1980 7296 9417 4339 1757 2276 7930 2318 7978 7480 4938 8403 9111 2967 8303 4279 7634 2884 5356 8772 7659 9407 6152  584 3559 9448  893 7436 3470 3965 2415 7223 2930 1714 2773 6552 2295 5645 5402 5676 1582 3859 3980  409 1315
3287 5866 5935 2820 4505 7020 1798 4602 6445 5622 2302 5970 1608 2699 6796 8703 5783 7459  161 1926 7854    0 9557 7366 3115 8738 2318 4075 4602 4738 1193 1910 5760 2266 7335 9236 4044 4940 8815 9557 4935 7170 3802 3294 2323 7108 8297 4312 9305  965 2701 3580 3456 4447 4254 9784 8088 4124 9887 8929 5074  656 7049 7482 1544 2883 4624 7877 3665 8348 4144 8784 4148 8682 9952 7742 6511 1749 2425 8329 1907 3196 1069 7345 5199 7633 3029 9200 8831 2988 4714 8230 4321 9570 5726 2099 6710 2583 3479 3812
5741 9509 6947 4637 7063 5303 8542 1292 8981 1974 3622 9044 1918  341 5262 9842 1992 7998 7462 6390 3869 7096 7215 8052   37 7589 2289 4207 2546 4297  371 7139 4693 1620 9419  580 3259 9703 7387 5381 6938 5705 9920 5717 2174 5379 8030 7574 7936 5399 2380  727 4318 6974 9089 3841 2876 1424 8838 7933  808 1957 3660 5760 3559 3726 5602  410 6324 2237 3042 7052 2239 3388 2030 9936 3811 2258 3717 9094 7744  294 1496 4603 3440 2579 3967 1039 7971 5849 4623 2598 4274 5502 1511 6798 3795 4992 6013 4898
2342 9296 2420 7124 7401 1029 1022 7897 6919 9165 2329 5715 5827 7373 7516 4292  987 2155 6579 6888 3554 5307 4820 2111 7584 1983   34 8691 9128  927 7539 6295 4180 6170 3171 1943 5096 9348 4214 8002 9676 2815 1276 3331 6652 5498  569 7323 9141 7830 5537  414 6619 8140 1636 3445 1514 3789 8007 2292 6280 2885 1389 6652  142 4676 5037 5912 6164 5535 7491 9513 1837 4351 9279 3298 7523 8721  872  453 1654 2931  951 6170 9072 1808 3148 7890 6895 7587 9998 5119 6815 3914 5584 3888 8781 1379 2949 8591
7948 2736 4495 6518  323 9140 8075 2660 4245 7174 1873  232 3431 1363  425 1095 2089 6914 4548 4037 6751 2435 4470 8874 8142  469 7364 9268 9035 4726 7631    8 7803 4967 2686 9137 9580 5691  406 7329 3647 9202 7626 2901 8688 2897 7627 2736 5065  292 8539 1720 7143 2822 4992 6052 2036 4941 1842 4161 7242 7446 3993 9595 3917 6768  310 4479 6074 9875 8022 5141  133 3138 7968 5756 3446 5448  518  584 8476 1069 9790 3776 6260 4682 4086 6648 4372 8794 7236 7908 9329  711 5501 8617  566 6015  230 4618
 243  445 4632 8015 4583 3970 5265 1883 3637 6130 2242  723 7420 9089 6358 1300  811  986 7516 3932 6591 4660 2806  130 7932 4566 1607 5346 4264 2284 5958 7272 7251 6352 2544 5363 4504 5379 5355 6800 7501 5808 1783 1028 2397 5917 2430 3674 3021 1849 4924 5256 7139 3791 1697  182  113 1872 8034 1108 7013 1490 3526 9514 1499 6439 1766 8881 9934 9039 5163 8898 5133  469 2857 6872 8187 7724 8661 6251 3407 1465 6414 1466 9186 1948 8823 8753 4172  797 9936 9578  191 9796 1109 6415 4016 6924 4967 8569
6511 2053 1066  991 4052 2477 9568 9877 6126 5990 4037 9302 7567   38 1142 5293 5157 3540 2692 6725 8093 1534  805 4773 9031 1763 6487 1671 8101 1135 8363 4248 7263 1697 2910 2048  656 9576 2345 5409 8891   91 6857 8007   57 4675 5802 9785  844 3109 7038  734 3627 4434 2212 3863 2241 3825 9511 2023  315 2838 2846 1872 9783 7450 6774  355 3550 3920 3218 3638 1095 7857 2101 8960 7230 1319 9435  375 9792  394 4113 7729 5626 3425 4635 6966 4447 1254 2552  306 8319 1537 6180 3949 6187 7516 6751 4588
5098 7945 6989 9540  774 4637 8679 6536 2747 8702 7801 1907  557 4214 2253 2856 3952 7109 4749 3465 8425 9658 1563 2141 8834 4633 3990 2626 6598 2653 8214 1862 9847 3757 7449 4844 8221 3471   18 4748 5492  630 8741 4413 6439 6046 2048 3805 1865 6732 2314 5273 7079 1562 4598 1557 6901 6864 7573 2652 5083 5603 1362 4282 6945 6086 9921 8916 9419 8901 2815 5716 4861  801 3040 6658 2288 7574 3312  203 1738 5715 3206 9408 4197 3496 5659 9563 7659 2725 7886 3054 8996 1187  150 6830 1631 9668 8769  690
2317 2323 1409 3445 4310 3837 8178 9618 6085  323 8907 4085 4911  546 6424 5417 9760 2780 3974 2298 1224 2597 2056 5367 9302   32 1540 4754 9074 2251  148 2832 6498 7846 8417 1652 7795 1371 5423 3032 2558 8846 3560 4530  490 7148 3681 7864 4247 1554 8485 7255 1088 1627 9520 9336 7557 6022 9306 3610 6665 4286 1958 8896  253 5049 4112 6104   96 7084 9538 1870 9630 6363 8963  798 5837 9256 4481 5197 3480 4429  916 5324 8874 8276   17 9792 8008 9779 8389 3264 2750 9760 1328 3920 3659 9407 2871 8285
9137 3990 6891 9370 4355 1305 4150 6896 3645 5439 9142 7030 9310 5481 9011 7139 1747 3573 4423 9827 2055 8602 8645 8497 7723 4272 4989 8667 2896 1185 9062 1880 2348  313 1498 2562 6909 9291 9720 2816 2002  606 1241  668 3135 8318 7750 9765 5993   80 3973 7373 8265 9487 2136 4698  583 5263 7090 5710 1963 1324 7625 3226 1257 5743 9543 7498 4790 3337    0 7696 9833 1849 8491 8468  536 2327 6194 5798  525 9044 7217 2755 2973 2732 5660 5320 1227 4681 1760 4183 9328 9138 1906 7714 3190 2442 6485 4038
 452 8804 4710 6364 4254 7819 4810 6804 2975 6708 5777 4556 3015 5273 7466 2694 4181 6155 9355  706 9272 1918 7152 5595 2564 1161  503 6851 3719 4435 5650 3595 8789 7603 1431 5013 1929 3026 2157 5343  585  360 5481 8662 8288 8651 2111   62 8308 4364 5473 3279 9282 7069 4123 8049 9576 6265 1288 8580 2479 2680 6352 6772 4683 4222 9486 4939 8749 7860 8868 7772 4290 4328 7220 9213 5324 7739 2914 9866 8661 5682 2063 7697 7766 6164 5033 1932 2437 3980 7250 7972 8458 2999 9443 1088 4639 4470 7963 7341
8486 8272 4648 6022 2037 4817 1362 1470 5814 6416 9694 4454 7433  341 4305 8325 9667 3027 6267 1479 2158  685 2288 6702 8042  849 1765 2925 6090 9199   97 8328 5926 4722 6640  172 9402 9855 6092 8334 3558 9989 6713 4335 5832 1839 6281  540  715 8393 5012 9188 4927  651 7676 2668 6514 1501 2320 2035 2602 6078 5663 6046 5414 4254 7116  346 8322  976 1166 7747  819  964 9443  218 4830 7525  281 4446 1063 3002 6761 8702 8060 5422 7755 7306 5506 4438 5119 2227 3137 5119  301 4914 9701 5942 3980 2775
3348 2441 5072 7753  528 9017 7300 5726 3454 3063 3929 8891 4119 4264 2641 3367 9242 9495 5893 2343 4200 9853 2655 4836  442  769 2159 7735 7236  127 9879 1757 6695 5377 8503 4468  977 6593 3331 3787 6227 6585 8054 7600 8461 8802  416 2491 8144 4574 4543 5179 8344 7773 3904 8583 3245 4301 4917 7526 2428 6038 1813 1788 9638 3503 3322  363 7250 9398 4408 2459 7634 1723 5218 3015 4575 5068  189  664 9219 2878 2429 2245 7627 5319 8310 6866 3098 8466 2744 3168 8751 8892  121 8235 9754 7915 1113 4099
 357 7994 5750 7891 3442 9329 9993 6293 6478 6803 5181 2161 3495 7161  895 5958 2188  281  784 3703 1080 3073   52 6558 8454 4443 7073 8432 2413 3341 3877 3150 9721 3545 1607 9321 8321  968 4934 3243 8037 9764 3841 2643 8611 1797 3059 3906  109 3629 6663 5242 3472 8681 7031  979 2554 6156  568  126 8677 2145 3930 8132 2546 3276 4658 6207 4478 3845 1328 8331 2365  762 4236 2653 6573 7297  280 8204 7216 3707 7823 2059   34 8045 2883 2161 3120 2334 4027 9272 5473 6045 7152  116 9345 9773 8427 7695
6873  603 3992 3768 9173 4772 4635  382 7440 8108  231 8992 4701 2709 8600 7387 7606 1781 2123 6567 4236 9718 1087 2903 9781 3036  409 1521 3660 1847 8421 4998 1398 7256 5986 3422 1326 1353 1425  626 2001 3244 5531 6674 3474 7204 6412 4899 1268 3214 8878 6637 1145 5372 7771 6855 3108 4057 4574 4141 9713 7560 9880  496  473  329 9596 2089 2045 7018 6148 9984 3261 4112 2204 3148 2132 1030 1861 6151  922 4072 9959 3170 5589  593 2711 9885 3502 8698 1610 7370 1788 9137 9240 7642 4069 2573 5066 5453
9694  570 2499  604 3922 2579 2185  498 3573 9404 1581 5662 3679 5259 4805 4789 4357 3380 9576 8789 5241 4843 6775 2212 3746 4169 9509 2692 4205 9952 6299 5379 3754  603 6485 6913 1341 3056 7654 6157 7087 2900 6302 9289 3054 9807 8042 2672 4463 7087 9842 8851 8506 3637 7144 8848  879 7175 7245 9170 7898 9125 6783 1798 2474 2613 6477 4247 7249 7833 2663 9057 6010  643 1605 3552 3641 3204 5028 4137 5201 7711 8340 9437 6273 9499 2931  256 5917 3811 7301 7004 6728 5016 3184 2484 1427 6759 2010 3736
9662  329 7489  258 4612 1783 5014 5512 1848 3838 8875 4543 3276 4293 7901 3474 1898 3314 4365 9629 9065 6321 4856 3848  388 7574  620 5475 2158 2880 8702 4114  161 8386 7281 5478 4730   40 3268 6463 8815 1663 5999  453 6643 5738 4920 3888 7053 7229 9851 5193 6468 9655 8496 4527 4430 2125 5116 5060 4200 9069 6725 5912 6845 6458 7321 8522  589 2250  423  770 9103 5504 5582 2319  672 6313 6769 8118 4372 4869 8319 6724  568 6558 5020 8728 8168 5081 3178 7025 7854 1508 4462 8562 2769 6978 2065 5129
5679 3967 6889 5507 8149 2226 2216 7134 2885 5787 2433 9117 9961 5608  695   40 6323  752 8279 6844 1307 1535 8787 2780 8181 5311 2614 4579 7036 2173 9624 9226 4170 2498 5948 4938 2474 8658  250 5375 4716 3939 2055   66 3937 6266 9013 2806 1820 9519  260 2461 2254 8529 3587 7469 1572 9398 5838 8683 2291 5787 9531 3195  907 5812 8451 5196 2040 1847 5417 9383 9585 5240 3419 9030 7601 3401 6643 3220 3090 4441 8771 6950 2712 5626 3282 1470 2501 7620 6165  975   21 7931 6957 3032 9744 8691 8288  203
2611  588 6767 1205 5549 1172 5040 2244 9172 4069 1977 9269 6621 2507 5788 4433 1058 2753 5279 2756 3785 5599 4439  957 9812 6451  743 6457 6739 6361  872 2190 5515 2722 8549 3620 9806 8942 9517 7069 9622 5910 5477 5285 5056 4888 4451 8294 8964 5012 7594 4471 4294 5950 3547 5311 8835  736 3553 7857  926  661 4016 6666 4255 9871 3198 5247 8004 9163  637 7635 6663  213 9781 3180 3161 2467 6362 1333 2002  889 7682 1132 3296 6275 7569 1085  684 6522 6028 1309 8349 5622 6146 4589 7249  944 2822 3282
6943 3947 9877 4625 6569  275 7973 2304 2105 8419 8159 4043 1680 8366 3600 5648 5931 4919 2348 6686 1538 2700 5605 9329 8497 7646 7210 2313 9761 8513 5730 8128 9551 2126 7975 3116 7314 4695    6 3234 2568 6962 9552 3483   85 9282 1316 3713 2662  841 7282 5442 2590  892 2724 9038 9570  631 2022 7790 8630 1028 1431 8898 1028 1624 9522 7491 8579 1815 7983 9843 5375 6268 3620 6016 5968 4975 2144 6371 7285 8520  689 7000 1210 3601  761 8228 1648  427 2299 8775 9546 8453 8489  603 5820 1571 5296 4026
2279 5502 1442  276 3201 7890 6855 5828 6303 5023  486 5685 4073 2603  336 6592  954 7345 8708 3172 6852 8021 2362 5298 8383 3399 3044 1338 9958 8701 1867 4946 9466 5484 1490 1626 6522 6864 8842 4051 8056 4881 7005 8924 9893 5522  714 2348 1394 9865 1689 5701  246 5614 2571 4002 9159 2804 5826 3594    8 6200 5845  634 8614  888  972 5973 2488 5459 7191 1319 3498 4760 1000 1526 9819 4490 3114 6021 7156 8075 9800 8501 7555 4177 4427 1694 9432 1220 1203  507 7797 7634 4984 8403 7281 2860 9197 2782
 396 2441 6023 4743 9832 5173 1238  858 5124 6865 5137 7281 4843 8151 5068 5477  817 8002 6299 6241 1616 9866 8172 1696 4631 7290 1995 2736 3307 3134 1578 4379 5405 7734 9236 3597 3455 1856 6466 5929 9309 2849 4478 8616 4205  864 4256 6965 6679 2322 9617  753 3651 8755 5162 2054 8768 8722 1621 9430 1329  750 7783 4489 1703 6920 4646 7921 2228 8443  233 1675 4715 6592 5686 8302 8169  264 9276 4518 9681  753 2372 3334 9677 2204 8118 3694 9946 5569  102 1123 8746 9172 5818 3990 1344  265 4960  657
6350 6411 4317 3271 8299  346  567 9945 9275 3589  580 6997 9609 4681 2814 8671 7574 9697 4962 7935 5934 9241 9036 3952 6058 2980 9864 4774  897 9259 3585 6456 3500 7418 6703 3246 9025 8003 5006 7334 8938 7374 2597 7818 5140 3225 8036  558 3068 9618 9578 8118 5851 6720 6889 1262  942 4808 6398 7268 5720 5012 7109 3821 9970 2254 8506 7081 4877 8654  467 9417 5620 1904 3132 2530 2549 3063  335 9507 9161 5138 9613 3782 2682 3857 1977 6881 8085 4624 6955 4717  352 5774 6563 3544 4332 7887 6877 5519
6358 8153 8005 6594 7202  569 8861 9663 3211 2423  827 8295 8515 8555 5076  928 6787 8508 9095 8225 9204 2629 5687 8460 2862 2127 2492 9301 6335 7742 7986 9321 5027 5716 5094  208 8539 4590 1738  189 7889 4461 9841 5237 4518 1617 8242 1904 7674 9021 1456 2568 4846 6419 2426 1098 2207 1419 5304  681 8982 8379 2297 5250 2792 6167 6526 3569   52 1743 4281 6268 7877 7622 3807 6869 2157 4463 8871 9128 4590 5019 2539 2654  148 3887 3576 4262 6382 9039 8677 7096 8493 5279 1459 5742 1479 3433 5000 1881
5937 7695 8771  374 3288 2924 5591 3078 2583 6545 9249 3732 8822 1625  979 2755 7704 7180 5437 8809 2899 3931 1996 9813 8784 1311 1691 5132 9662 9532 3356 5114 8836 5824 7089 4373 9531 8459 8066 6744 8421 5344  725  241 1521 6780 4099  722 8495 4322 1930  350 9750 2690 3902 5258 9247 1645 7293 1287 6310  104 7313  230 9101 9263 4458 5037 2051 6762 4968 3163 6201 6732 2599 1620 1523 5012 2360 8295 2367 6479 1605 6588 3827 8958 2387   82 2188 1368 5928 7083  152 1329 5188 7414 1403 2362 7624 5993
9546 4462 8545 3114 3401 9448 9623 5756 3796  409 5087 1573  290 5593 9069 6023 4140 6240 2209 7012 4170 1000 1998 5843 8952 7310 3327 7709 6936 1926 6802 5996  174 9227  686 2131 5783 7894 8822 3614 3545  817 9397 5522 5713 8749 2279 5405 7615 7801 9880 6972 1593 6996 8997 7877 5724 4100 1970 6197 8139 2545 5785 8214 6967 4369 4785 7845 7658 2184 8539 4885 1832 6158 7494 7122 1962 9949    4  299 2723 9480 2893  743 2917 4527 1945 4770 9440 2013 2045 3910 9853 4301 6730 1450 5599 5711 7494  520
6994 6883 2663 2941 6837 8831 6601 3546 7505 2423  904 2177 7596 1922 7605 1056 9007 9274  678 5336 9993 9823 5305 8980 4703 5923 8155 9998 4574 9236 4336 4480 9845 7122 4725 6241 7708 2326 4154 2564 3519 2793 4759 3515 5673  982 5535 2787 7791 3659 8666 5645 1673 6748 9725 6770 3171 5754  219 3923 7666 6827 5799 2560 2311 1404 2955 5140 4187 4948 3174 1748 5039 2330 4223 4690 8574  686 1765 8571 5973 4662 4213 5551 8847 8981 9474 9480 7270  628 5946 9139   90  690 6176  670 5710 1616  533 6594
6720 6299  461 8672 7545 3665  464 2122 8003 2565 7411 7286 7520  846 5023 8315 6768 2127 8615 1068 4349 1718 2891 2968  689 2180 8455 2147 7935 4516 2345 3186 4254 7463 3234 3745 6342 5569 2142 1341 9576 4395 6847 6988 5611 3954 2898 2862 6723 2166 5395 9037 9414 7910 6379 6313 3952 3922 6131 5219 9144  969 6659 5261 5916 5199 9345 3993 3010 7264  698  133 6917 2784 3012  141 9453 3655 7478 1231 4574 3573 8100 5019 5141 4009  594 1732 4419 7622 9840 6360 4202 9924 9035  912 3875 6220 8169 6034
2699 1784 3222 1954 5371 5320 4752 9488 2310 8153 7620 6384 3340 1057 7643 7312 6193 5681  342 7618 1816 8528 7277 5561 8809 1066 4214 1371  710 5684 3533 6949 4617 3482 1221 3073 1905 4361 9825  890 6514 9444 3044 5690 5270 1950 8071 9079 1479 4466 4997 4814 6748 4180 3831 5527 1557  224 5058 2136 5778 6656 4233 7523 9742 4045  469 9500 3736 7313 9067 3185   32 5463 8813 3745 4872 3036 5911 1971 1930 2266 4765  116  635 6852 5997  797 9668 3315 8228 9928 4782 5115 6965 2844 1065 5137 1294  742
3783 3568 6601 4704 9055 5119 9804 1979 3032 9646 7270 4817 3289 9174 2030 1066 9162 7581 4231 2031 4612 2991 9762 5790 5972 5484 5514 7146 3960 2234 1652 4775 7995 6337 7409 8911 5910 6326  195 5976 5458 6155 9954 6975  153 8075  338 1608 8957 6996  832 1049 5865 4942 3215 5738   24 1967 5883 5317 7942 1109 4697 7501 6247 6362 7218 5081 3496 4699 5171 6037 9827  417 8672 7792 4362 5938 4358 9139 6743 8140  498  287 3023 8109 6399 3765 8871 7235  360  661 6053 3623 9999 8069 2876 7032 9745 6500
5012 1559 2274 6765 4646 2030 6933 1436   64 7607 3534 5120 2944 1198 4771  963 2073 7688 8899 6959 5987 6799 8868  570 2705 1343 4100 4612 8606 7101 9497 3120 8719 9160  219 9570 2603 6448 6406 2763 6368 7636 7849 8445 5010 1200 6146 8373 7781 9997 3425 1354 5896 3836 2979  983 2507 2368 8162 1353 9072 7901 6855 6740 3562 7572 7531  663 3030 4370 4721  267 5545 8546 5507 4188 5027 9561  326 9353 1872 8102 9877 7851 9973 5547 2469 4692 6859 7110 9036 7962 1633 3498 8440 1064 3590 3827 7994 6346
5771 6410 5526 6358 4657 2701 2033 5031 7744 3424 4750 4916 7064 4422 1601 4491 3589 9321 8177 7950 3630 2496 7158  571 7583 4477   90 8426 3842 7757 6581 4761 2487 9377 3120 7245 7872 7565 6958 4212 4476  412 4667 3912 6079 1281 7981 8283 1065 7345  497 4061 1152  515 1590 4452 1492 1970 3113 6891 4963 1515 2148 3832 3649 1847 7473 3795  703 2006 7679 5965 9390 5763 6025 4146 4713 6707 9056 3867 6205 5961 1240 3782 7082  633 7962 8913 6187 2790 9917  582 3494 5747 6065 8053 9172 2969 3523 4354
1737 5305 9680 1189 9095 9234 2127 4772 2522 4348 7823 6669 3598 3004 7541 9022 7416 9759 2764 8301 4341 3482 4676  417 1361 3768 2413 4668 2726 2837 2441 5446 1932  224 3029 6478 3107 6823 2884 1459 8684 6547 3142  518 3241 2596  992 8978 5614 7549 8795 3629 3432 3701 7344 4131 2095 3141  249 1735 8936 7827 9919 8443 2197 6678 6528 9605 4483 9003 9783 4537 3689  263  358 8179 9543 6333 2887  262 3599 7902   15  533 5605 8115 9531 1713 3600 4280 5445 6834 1352 2372 3466 8779 6533 7498 7847 5872
9198 8913 3721 3565 6042 7584 2543 1494 9702 7624 5280 7572 1497 7547 7154 2100 5730 4774 8215 4044 3648 1132 8442 4647 9124 8536 6953 5005 3935 2912 4213 8216 1356 8558 4327 9820 9618  943 9444 1197 4065 2652 3490 6239 4997 6461 2829 7555 2951 6286 7443 8473 9234  362 6262 1171 5778 4750 4088 2464 8316 5506 4058 3919 2277 5213 8420  974 5233 7974 4631 2142 6565 8363 3256 6972 4862 2762 9124 3718 1578 7710  583 8675 4617 3899 1771 8030 7323 7696 8475  915 5568 5285 3637 2172 9757 1560   75 1690
5742 5657 5103 1382   13  889 5033  864   38 5347 9235 1409 5205 1023 7438 7477 2897 3878 2078 9325 6821 5318 1131 7935 9182 1033  464 1115  905 5621 8902 3594 2240 1848 3380 7521 2847 6827 4864 2883 8138 4532  974 1678 8954 4138 3932 8547 7195 3728 3949 9237 6178 4680 6554 6934 6252 9153 8062 1307 1159 5419 9669  773 5307   76 2721 7288  895 7287 9807 4373 2888 7366 3494 7770 5942 5371 2719 9965 2026 3347 3028 3957 7477 6204 9000 3380 3594 7069 4646 1480  381  647 4551 9487 6408 9579  477 7919
9476 7412 9629 7767 8972 7339 7376 1217 6522 1510 6571 2362 9846 8263 6779 7442 3477 3570 1932 4103 9735 9539 3454 9627 8264 1848 7031  825 8748 9471 8675 9663   15 1097   89 8871 2988 7515 1349 7848 5352 1706 3587  166 5652 4244 9839  178  793 2037 7880 7579 7052 4367 2535 1423 9667 6781 8014 3141 1224 5177 8432 1355 6859 7720 9689 8439 4267 8066 2619 3374 3448 9620 8686 9996 2434 2387  415 9660 2990 3344 1646 2688 9007 2866 3924 7084 5091 9486 7522 2716 5696 5373 2616 5167  262 1242  189  388
3976 9587  648 7359 7718 2829 5222 2765 7011 7281 1496 5366 5434 5019 8402 3146 5746 6706 9537 5421 8943 7362 2338 5339 4436 2247 6138 8287 1986 1789 8771 8605 9674 3421 7218 8518 3522 1878 1585 7279 5958 4639  745 9057 2252  283 7880 2327 8683 1088 7953 4728   51 4943 1821 4097 4977 4760 2652 8153 1894  804 6670 6894 3316 3875 9737 1002 6960 7902 7085 2529 5977 1019 9420 1017 4963 4406 6050 5595 7229 4806 7830 8278 7479 9667 3181 9632 8628  801 7578 6080 2230 8988 9315 9937 2698 7089 7031 9929
2944 1893 1666 5026 6714 3025 5539 8347 8749 9819 5235 8920 6085 7473 9986  974 3701 1049 5393 5498 7980 5958 4652 9812 7140 5263 8387  462  822  833  657 2978 3480 2569 3271 6600 5686 7485 1295 3298 8260 3106 2363 4340 7575 3828 4429 4013 8520 1513 8373 5882 5650 1702 3615  773  955 4320 7046 7999 7445 5819 5971 1343 3125   31 4610 4673  163 3596  204 8032 8865 7033 2560 7490 7376  725 3262 3353 9529 2820 5328  646 5579 3279 3238 3543 9731 5192 1453  338 8077 3661 2055 9621 7681 9495 8307  819
7772 7580 5346 7583 4875 1684 8659  873 9567 4061 9946 9784 9805 4313 5144 7974 5448 7550 9699  876 6446 1051 2438  605 7013  316 5286 1219 2904  923 3255 8492 2395 2635 2517  610  854 6244 7133 1529 7013 1128 5862 8284  817 3659 4994 3133 6438 2203 2459  870 6087 8420 4849 6314 4431 4663 1747 1084 4984 7941 8307 1192 3667  155 5802 1366 1254 7937 7895 3868  223 6855 1099 8375 7829 1924  289 7866 2842 7067 1964 8947 4684 8977 3994  149 7834 6192  700 3531 6589  393 6198 7789 6258 4702 4674 8653
2251  681 7331 8164 3746 5347  764 7520 9180 8242 5936 4095 5199 2435 2975 4290 9754 2016 5677 5886 9703 6862 6570 7286 3228  883 8206 3257 5315 5338 7502 1953  304  310 3902 5454 2424 5792 5167 3254 5191 7073 2334  116 8633 5013  389 5140 4095 5080   90 7592 9365 1721 8303 6301 2233 9714 8388  881 8464 8060 3989 3915 3508 7886 4877  678  298 1775  899 3736   58 9047  497 1577 4724 5693 2521 2587 5230 3745 6926  577 6187 7870 6711 9249 3482 1582 9633 8020 4727 4294 8156 4175 9895 1932  226 7830
5340 8802 3158 7567 2156 1665 5890 4133 8333 7279 4915 6267 5291 4881 8043 3626 1397 3112 1463 1924 7912 6485 1350  710 8513 1952 3773 3074 8778 6211 2685 2093 2194  620  487 3466 4498 2580 1942 7226   66 7608 9941 6493 9278 7604 4408 5739 6145 6736 8364 4809 1644 9520 9557 1559   77 1393 7629 7516 4659 7716 8025 4386 5173 5650 6763 1189 2483 8816 4469 7622 2965 8056 4654 7565 7094 9696 6772 4392 1144 8322 7296 6165 2777 1195 6209 1157 7606 2828 1753 1126 2578 9140 5362 4008  135 2973 4535 9634
6086 6066 2099 2906  853 1209 5581 3706 3356 7816 2708 4456  920 2045 8651 8906 4242 7297 7293 5860 3726 9085 7500 3951 2434 3784  207 7691 5010 1858 7227 9199 2557 2041  470 2139 1864 1868 9781 7751 5111 8867 5212 5086 5572 2932 8678 7719 9172 1820 1400 8912 3613 1506 1719 3128 1243 8090 6246 4224 9103 3404 2382  899 5894 4931  992 1729 6205 4950 8537 5785 1760 4911 4096 9856 9550 2063 2659 2097 8234 6051 6388 9210  124 8034 2703 4453 1964 3981 7086 3197 8233 7651  170  691 4093 2760 6554 3949
1859 4826 1231 7261 6980 1928 3518 2862 4469 9858 5784 4146 6072 8643 3682 7851 8128 7684 2706 5485 9409 5718 3141 2342 9013 2635 5374 7305 8355 1509 8998 9762  871 4454 4799 2814 4174 8598 6073 8185 6372 7916 4355 1025 1383 4743 4131 1078 3509  730 2572 1937 2183 3124 5075 6949 4668 7902 7744 8696 1749 9047 3077 9398 4371 8083  285 3778  629 8262 7230 3041 8391  812 8947 6442 6821 1555 7732 5032 9813  379 9501 9930 6434 6638 2155 6774 6330 2359 5783  854 2294 6734 1841 1199 6420  271 3187 9932
9203 3234 2711 8029 6062  941  573 9033 2077 9929 9062 2207 3437 6622 9428 7190 1657 2666 7466 5401 4870 4607 1713  837 7830  295 2480 5305  803   60 2401 8355 2150 9009 1103 3070 4034 7573 1080 8481 2985 5326 1731 9108 9798 4712 1225 9983 3162 7575  975 1606 2262 8387 3155  475 8226 6464 3450 7450 2160 4348 7989 1118 3092 6021 7804 8266 4911 3662 2371 8467 3760 5933  448 8215 2939 1612 5350 4120 4211 4221 1174 6563  627 7570 4501 5388 5762 4107 7304 1599 5325 4964 9727 2166 6606 3090 1515 5701
9853 6328 1279 5918 9969 4928 9630 1571 2363 8462 1361 2399 8499  628 2451 6870 9975 4958 6456 8215 9793  749 4756 4011 3966 2285 2367 3065 7559 5876  754  835 7805 9393  676 8568 8516 3369 9919 8916 6502 6628 9143 7682 1251  327 1356 4547 2159 5159 4974 8307 6120 2290 2273  673 9343 7985 1389 7777 9547 2316 6462 9875 1815  684  334 8575 8289 2860 9503 2927 2892 5963 2378  394 6362 1915 2243 1176 7195 5605 6815 4007 5150   75 9572 9763 7626 5797 7802 9146 5080 9033 3521 9785 6450 9272 2416 5494
1137 3356 2605 4485  203 4770 3700 5275  732 7512 7833 8204 5629 1729 9318  570 3515 9963 9649 1184   85 3886 1830 4630 4005 5390 9238 7987 9242 7116 6136   59  257 2522 7320 3447  120 6113  832 1538 9435 5332 5520  797 7172 5472 9767 1908 1066 4987 1002 9691  229 2998 9752 2577 3062 1671  143 2128 8360 8451 2360 5988 1060 9680 2805 3055 5382 4682 6115  752 7068 4185 6614 3993 7781 8356 1621 1037 3898 4026 9521 1159 7854 1285 8810 6293    4 9775 5029 5129 8395 9009 8550 8306 5118 9422 9532 4938
7945 5120 9403 3256  165 6757 5470 3983 5141 3835 3551 4608  303 9756 5289  962 6593 6565 7019 2380 9576 5224 6094 6300 1431 1641 7518  699 1077 4703 2427   11 7210 1485 8301 3436  416 5712 4404 1821 5360 5757 6335 8470  670 5578 3710 8057 1224 2478 4551 6807 6626 3099 5076 4158 7266 6139 6688 9636 3971 1550 9294 7173 7587 8612 6391 5614 1608 9950 9566 1251 6686 4897  440 1935 2676 2480 7034 2271 1630 5492 2751  454 2358 9667 1093 1887 7024 6229 8601 5102 1142 9943 7688 3783 6263 3516 3843 7937
8408 3606 3924 7359 3277 4833 4890 4658 8341  673 9688 4077 7456 9737 9828 2164 7729 7835 5589 7084 5323 2794 4532 6564 4140 9695 7067 5567 7539 9656 7577 2631  662  938 2266 2422 3711  150 6459 9165 2673 2655 4724 4276 6772 9659 6208 6887 6788 7308  815 5138 6933 2977 9222 5227 4560 1878 1440  509 5640 5470 9234 7297 4678 4046 4949 3097 7880   62 3172 5020 2503 7594 8392 3881 2879 4390 3216 4669 9502 8769 4215 1209 7578 2173 1581  614 7060 6513 1525 3666 2711 7394 6030 8021 7285 9446 6823 9018
8892 1777  201 9787 1048 4363 6725 2852 8627 8948 7886 2356 7789 7904 4613  342  504 7270 4602 6984 5694 4100  922 8567 3595 2268 6958  279  634 7488  132 9633 2231 4407 2132 9035 5854 3785 2398 1076 3840 6293 2015  362 5667 4690 4179 1811 1411 2707 4363   13 3722 5191 6164 6387 7922 8569 6646 5089 4067 5532 5352  591 9331 9790 1394 1076 7290 1059 5388  556 4954 1455 1227 2824 4790  381 5111 2036 7644 2630 6202 5884 9475 1314 1563 4953 6544 5159  407 2968 1224 3798  532 1952  880 4057 7785 9172
4842 3774   55 8072 4858 6005 9207 3754 3378  370 5245 2835 7018 2259 8251 8989  621 6938  623  856 3265  860 6001 1765 7038 6397 4748 7148 3868 9603 7075 4926 6836 1010 7020 6160 4584 1957 6582 2871 4413 1338 2930 7204 3325 7634 8940 6938 3635 3830 2749 6829 7412 8474  882 5552 6197  688 9562 7713 6684 4457 7137 6357 7902 2402 6670 7977 1154  508 6562 6717 7544 9892 1309 4169  405 2312 4446  895 1069 3315 4087 3217 8854 3405 3089 1173  332 2235 1572 4298  653 9366 3565  725 6292 1642  495 4215
5692 9670 1575  605 7203 4658 4946 3757 5810 6701 8463 3354 5772 8273 6722 3526 3404 9057 8521 5069 5248 9552 2952  866 8613 4167  833 6202 7413 7026 4338   37 1359 3291 7793 2851  135 1762  813 6610 6036 6916 1044 4467 1176  339 5509 7032 1365 6225 8905 7816 4622 8155 2909 8781 9141 4675 2412 7386 3422 2861 1180 4713 9301 5648 4945 3828 2124 7184 5150 7044 6971 9184 3028 8018 1477 9424 1188 6501 9720 5444 8879 3084 9362 8096 1498  173 1786 3519 4813 1546 2719 4818 3261 7044 6299 5617 4209 8039
2390 5741 4335 3280 8549 9204  787   84 5825 1740 5595 5648 4429 2228 6002 1553 2614 5153 5326 8519 9980 3642 8650 7834  455 5355 6518 3665 4325 6735 3821 5977 8537 7718 5942  835 8577 8432 8951  521  848 5515  448 2090 5782 6695 1985 3403 6929 5761 2053 4676 5571 2067 3765 9337 1523 8029 2077 5008 4643 5086 4973  942 8576 6414 5226 7203 9238 1683 9828  869   55 1636 5886 1457 2309 8951 5330 2343 9010 7008 5094 7654 2914 1998  890 1638 7306 3938 6158 9110 9081 5025 3477 9330 8743 2766 1506 5117
9636 7552 3046 2665 6311   84 3640 4932 5596 6689 2079 5082 1551  182 8192 6558 1621 3094 6600 6019 9586 3351 6082 7738 2848 6712 4413 7287  582 1384 6030 8734 9130 2984 3702 7220 9815 7804 2707 3362 8566 6343 5937  535 3694  170 2930 4438 6963 3981 7065 3007 6679 9759 3918  489 3807 9522 5980 2043 6785 2896 3751 5766 7359 8940 9647  216 7584 8053 2670 7915 1698  821 6630 5238 4348 8738 7328 3848 7028  391 7021 8905 1050 1918 8053 5949 6804 3514 6187 5885 9269 3801 9359 2218 8904 6317 3688 3023
3085 7017 9710 2922 5548 8990 6137 2175  692 7865 7298 9402 5087 9804  916 1898  381  396 1118 6247 4951  603 5030 7714 7724 4399  355 5438 9796 9701 2491 8630 6546 5077 8919 5411 3371 3915 3385 3654 9576 7338 4945 1089 4957 1209 8540  181 2745 8449 5770 8937 7673 2375  809 2278 6280 8187  660 8917 4814 4872 2453 2254 4576 2278 7034 8809  741 1385 6341  244 4468 9079 5750 6641 6530 8707 1068 5770  959 6674 4310 9594 1384 5103 8171 4649 7983 6563  649 6602 2489 8428 5884 8788 2265 1174 9573 9658
8459  553  344 6687 9792 5281 6981  774 8466 3532 2863 5433 7615 4987 7756 9791 5505 5509 7121 6621 5841 6428 2038 5786 6032 5905 1135 6123 5274 9719 3758 6515 6272 2203 7038 6504 1173 6516 2655 5704   81 6783  182 7185 4475 1410 7264 9769 8014  520 6336 3963 7011 2770 4164 8999 9212 6636 6469 9840 3173  388 4946 1400  990 6305 5197 9515 9023 7699 3386 6868 7438 6061  298 2321 2126  920 8259 7028 2655 9200 9964 9296 2483 7637 4549 6345 5254 3897 7153 5839 7343  631 7292 3043 4059 3243 5635 9413
4392 3897 7679 9915 8986 7491 4438 4004 5630 4515 8543 7908 2242  703 4693 8954   86 1925 8278 3128 3992 2855 3898 3523 8509 5328 4992 8057 7417 3536  127 1399 8303 9211 2615 3818 5627 8667 6561 3787 3508 9726 7179 1318  678  607  739 5175 4756 7288 7808 1145 3879 3948 6037 1011 5453 7311 9065 4423 9939 8339  703 7408 2629  550 9733 9711 6645 6461 2826 3221 6837 3258  175 8562 5657 8887 2715 2285 9580 3511 9202 4541 7242  297 9338 1121 4708 6388 4840 1800  634 2401  584 3811 3391 7893 1134 1563
2353 4871 7035 8352 8149 7612  249 3062 5325 8460 4547  490 5873 6759 7408 2010 5776 7165  938 7041 5327 5650 1800 2110 5868 1645 5613 2591 4249 9486 6897  509 4499 3605 7233 8444 2693 8192 7920 6331 7749 9337  178 1134  978 2487 1148 2863 6873 5804  669 9634   29 7329 5392 7563 6597 3733 8325 5863 7926  239 1040 6159 9301 7686 6142 3322 3065  422  888 3277  673  432 4896 4989 6786 1272 2569 2662   70 2387 4049 3140 4949 6343  392 1343 2635  446 8387 2304 8588 5913  435 9362 7143 3891 2794  397
3245 9663 8024  812 3700 8729 4793 9883 5555 4180 1631 4560 6021 7004 7320 6705 8236 1983 6209 1686  757 1239 2626 3946 2291 1623 2827 4057 8439 4548 6256  206 9286 8201 6752 4705 5576 2333 4716 5539 8608 5939 5530 5943 5582 3527  297 3142 1442 3142 5933 8548 5612 1459 1156 6728 2552 5080 3908 9733 2433 9029 3248  726 4108 8012 4613 1901 8627 2392 3152 6543 3198 7172 5828 9430 2298 7220  499 1987 9995 2689 5623 8922 6447 4511 8756 3480 2907 9067 6828 9281 7537 7120 1721 6847 7923 1051 7185 8762
8234 8775 3363 7438 6861 9067 8876 2978 1533 3194 8649 9780 9984 7166 9569 4374   43 5928 2033 6211 3267 3924 5396 2590 7644 2079 1668 2866 5297 9685 8874 1373 1629 3953 8245 5472 4202 9136 2328  799 6693 6057 3155  659 6178 9573 9661 7968 5235 6028 8227 9940 6903 4723 2538  437 9883 1841 4015 8472 5471 3755 4806 5910 4871 6043 3571  229 5334 7292 4836 3195 7061 9345 1374 8034 9983 4208 6845 8292  653 6870 9989 4136 1497 7348 8671 9555 9997 6033 8373 4445 6978 4176 7107 9672 9126 3409 2768 2705
3752 2213 6394 9355 9732 5963 3502 6922 7815 7113 9917 6958 9697  883  956 1130 7011  701 9119 5435 8008 4069 7070 9586 9196 1789 5748 3018 5930 4183  347  669 7737 8598 4366 8576 6553 1618 4794 6927 5987 7493 1178 7202 9788 9232 8931 1211 3468 3989 4170 2094 7023  971 5086   83 2647 6477 8395 6853  350 7507 8905 7864 9531 1509 8922 8771 9300 9812 2582 4572 7628 4073  908 8189 1378 7799 7685 4095  240 3066 7329 8214 9963 4295 4162 1680 1394 2474 2148 1833 5146 4257 1985 4729  588 9807 8828 4925
1271 4425 8021 5236 5045 6529  669 2234 5353 2744 3691 8925 9501 5396 1070 5005 4167 8074  232 7329 8645 5340  682 8440 7260 4570 2027 3361 1133 5768  154 7055 3855 1390 7070 9631 6940 1494 5401 1299 8674 6029 8575 2378 9585 6488 7088 6680 5522 7407 8542 1588 5702 4029 6481 7720 6016 3862  341 6822 4765 8980 1009 2802 5560 9598 1186 2449 7049 1081 7461 7686 6070 2682 8734 5793 6654 6302 6536 2069 5660 4529 8972 4591 7120 2253 2589 7350 2747  173 9392 9290 2467 5182 7369 6761 7066 3820 2687 8432
1884 1399 2482 1090 5954 2214 8773 2769 8976 5426 8704 9142 3630 5621 7382 7407 3317 6372 4922 7174 2403 3583 3265 6466 3313 5816 6719 6683  699 1301 4924 6466 3706 9030 8631 5273 7967 1440 2929 9189 1424 6909 7771  446 6948 3393 8489  613 5524 7706 6480 6068 4897 2839 4393 3534 4832 7822 3260 6601 7401 9041 1475 9886 7389 8487 8173  410 8970 9278 8609 6591 3601 7210 4696 6230 2612 3401 5606 8151 3993 1629 6008 6251 2405 2785 6247 6152  264  674  880 7736 6952 9736 3951  947 9273 1911 9075 9020
5131 9401 6376 7853 3950 6180  937   58 2191 6693 7389 5296 1862 6245 6825 3542 8669 2283 7251 1865   81 8953  815 4468 1798 5213 3602 8158 1994  273 1443 1275 5110 1852 4887 5623 7975 8082 5315 2574 7580 9547  772 5238 7453 8255 3099 5176 1439  632 2240 9310 3051 3085 5275 7627 3707 6396 6337 8906 9801 6599 5872 3741 3696 1635 1998 1298  126 2387 4696 3723 2451  446 8746 4667 2703 7031 5245 7356 4623 9691 3405 9607 2947  826 8047 3844 5418 8699 5428 4074 8673 4425 3128 3160 9251 4922 9286 3408
9128 4447 6569  264 6272  956 5752 4524 2187 3394 7099 3941  812 2634 5724 4425 6713 4703 4770 1850 5116 6025 4858 9247 7010  387 4352 3486 3421  842 7105 2395  650 6291 1826  730 2494 9743  629 5841 4515 9665 3196 8608 1262 3753 9776 9841 6401 2658 9166 7574 7031 6850 4043 8366 6285 4811 5091 8047  612 7141 6984 5753 4993 1792 5708 7289 8250 8390 1670 1653 4482 3542 1317  741 7243  976 4272  395 9417  670 3684 7716  149 2989 6523 7337 2304 8263 9114 5391 1019 8721 5939 5011  997  196 5914 6716
1386 2659 5624 9585 7872 4959 3396 3087   96 2970 4267 4077 4312  557 8394 8988 3537 5940 1127 8576 4663 4558 7110  126 8218 8008 7638 1554 8222  152 9476  184 2136 3111 7905 2066 4966 1199 1966 8457 9529 3902 4595  411 4261 5330 8835 4202 5230 3163 1350 8980  349   54 7137 6209 6434 5309 8756 3517 8618 2118 9635  521 4895 2213 7583 3739  638 1769 5269 5273 7429  821 2566 5334 6060 1320 7754 5330 1456 4305 3271 9293 5397 8054 9171 6666 2936 4766 8078 3425 1052 8717 7847 5896 3518 8751  430 1432
7924 2050  469 8169   68 3662 8202  672 6901 9061  148 3613 8859 4357 7729 7934 4631 6629  248 9245 9776 1565 1015 3006  237 3994 9484 4359 8033  218 5156 8975 3782 7262 1407 4674 2274 9654  288 4809 4005 1765 4443 9474  736 6412 3446 6935 2910 3640 6073 7930 9462  210 7152 2689 1501 2044 6373 3675 6383 7749 9833  983 9753 2915 9110 6040 3469 9946 1452 6604 2810  656 5005 5676 5163 9078 4355 4053 9322 3493 4535 1596 7628 6158  154 1731 5791 4912  433 1652   63 8900 5009 3651 3587 4387 6499 7449
6342 4349  280 4777 7399 4711 7075 3135 1741 3847 6929 5931  753 5212 4632 8295 3357 5123 9316 3952 1310 1612 5519 2068 6846 5921 9749 7024 2540 9573 9481 8617  388 6266  401 9231 8727 3160 7047 2089 8004 4623  787 6698  618 7536 4517 5225 8591 4905 5043 5788 6630   37 8302 2538 1633 3256  184  665 2728 2992 5360 2172 2453 5238 8362 3545 5818 1324  735 7645 6922 4963  928 9338 4543 9908  837 4680  669 9414 1461 1541 1599 1464 3129 1115 5375 9856 7258 8235 1487 1012  513 3645 1282 9510  141 7812
3429 7933  579 7909 4521 5509 7931 1129  462 1627 3758 7970 7521 1918 4948 7925  511 3608 5770 6826 7418 1152 2942 8924 2842 9130 7825 4631 3343 1891 9681 8712 2764  595 6125  636 6169 9650 5953 1597 2346 9265 2659  682 2955  354 9272 8801 4107 2484 5737 4851 7518 9291 5942 7983 9839 9845 4194 6563 9963  770 5015 5693 2857 2406 2543 5340 9538 9973 6216 8178 7723 5871 3099 6727 1654 2846 9122 9491  676 5171 3125 1845 6386 4386 9671 1229 4036 3907 6898 3638 5626 2973  221 2102 6311 9407 8485 3218
1366 8047 2523 8553 4491 5703 4604 7564 9178 4460 2248 4542 1964  720 2036 4492 9879  464 4063 2691  508 1149 6155 2017 2627  937 2035 3730 7758 7552 6692  686 4589 9415  912 8105 7839 6036 6746 4437 5507 9268 7657 8332 8582 4538 1654 1486 5588 3885 6547  588 6602 9474 6050 4892 7686 3701 5304 9133 7463  453 4383 6531  819 2707 2470 9995 4508 7104  222 1285 3792  113  804 3868 4604  644 7703 9207 4979  612 2508 4424 3757 6751 4535 6450 8924 1901 5963 2045 6847 3552   72 8477 9820 4715 7008 9071
8083 9764 4732 7207 5474 1789 9835  611 4249 9929 8686  738 4835 9980 5518 4903 6927 7843 9854 9178 1051 6600 5704 4778 4288 2414 6196 8471 3199 6777 5917 1918 5084  199 3527 5694 4200 5436 9881 7434 1335 7885  840 7650 6338 4520 6081 4605 1863 9067 8843 1138 1922 8291 6557 8410 7515 1845 3697  752 8118 5144 5101 1823 2177 5387   67 5002 2618 2276 2826 1328 2335 1960 6943 6831 5013 4515 4932 5483 4980 4889  782 4746 5012 7561 6272 9256 7303 8963 6899 1859  891 1543 4027  276 8033 8203 3992 5942
3318 7539 3766 4319 9598 8185 4654 1973  768 1162 2972 2291 4298 7635 2807 6227 6761 3249 4335 5416 3641 5134 7965 6329 8299 2953 8113 7321 5228 9240   95 5515 3605 9059 9670 9136 6408 8405 6884  129 5859 8823 9876 2515  161 3286 5725 8166  957 1440 3327 8784 5622 7721 9362 8392 3945 9517 3950 2921 2931 7162 3258 8202 6011 3859 2366 4258 7530 6713 8732 4123 3061 2660 4932 3433 2720  741  438 9187 8243 2738 2274 8351 2849 7352 6783 8672 3525 3264 7506  910  815 6141 4528 2805 3194 1919 5005  730
5893 9676 1819 9501 4239  215 9095 2254 3490 1946 4649 5379 1429 3690 5658  235 3252 9470 2711 9781  913 1518 8385 1920 5873 3962 4333 8700 7878 3254 6936 7479 6202 4939  680 5445 3638 6521 9130 5417 6410 8396 3409 2533 8378 1503  986  631 6880 5368  103 2715  233 8300 4485 7946 7849 6259 7966 6903 5438 1799 3727 8947 9813 6403 1191 3481 4642 2117 6793 7789  310 1529 3472 8423 2856 3241 1368  306 8323 9571 4869 8211 7002 3228 5676 1363 7285 2340 5546 6785 3420 2694 1768  979 9170 4712 8656 8453
1136  624 7751 8938 7889 6626 4686 9579 1619 5953 3761 9737 1438  488 8073 3692  695 1949 8208  284 3002 3626 2492   64 7873 7597 7664 6761  541 4742 2769 5688 7517 3639 6958 9058 7344 6470 8715 7341 4031 5437 1364 5226 7720 3763 7749 6952 6411 3177 5610 7074 2875  151 8547 6138 4249 7244 4000 3168 5878 6341 4646 3711 9497 7740 3904  331 6667  654 9255 9640 8745 2652 4431 7456 9588  645 8390 7628 9467 1791 8547 9977 9331 4848  756 6291 4477 9679 2941 5119 5249 6935  978 8850 8649 2859 5882  397
5088 7910 4620 8262 8530 6698 3571   89 6016 5447 9074 3797 1162 8155 2864 5539 5966 3081 6047 2362 1002  906 9876 6852 8852 1338 7351  228 9541 5863 5077 4865 9145 1118 7184 3410 3836 4332 1763 5094 4206 8440 6359 9679 5230 5352  859 9922 6225 8953 5819 1375 1806 4723 1606 2419 6130 9453 7439 1274  593 8945 5782 1547 6642 2081 9969 4940 2363 9020 4458 9568 9827 4816 2858 3855 5345 4140 6761 6332 7497 9227 7681  944 1822 4809 8197 6020   63 1781  533 4758 1348 9506 6633 6986 9238 7176 3285 7853
9470 1704 3967 4677 2289 1402 1636 5555 4201 6949 1880 6312 4544   11 4722 4823  240 4775 5009 1128 2656 8743 3801 1871 8721 6909 9929 6224 9897 6147 2567 6357 8385  599 4699 5551 5357 7290 7383 2694 5727 6232  143 9450  971 8475 5803 6370 5431 7496 4222 7126 3194 3333 1233 2015 6544 5582 2118 5499 1269 6569 2616 2370 4128 6173 1070 8018 7195 1621 1855 4706 4346 7070 4345 5184 7520 6195 6605 6603 5209 2820 6219 8841 6513 6359  398 4267 7075   70 2718 5596 6757 8341 5751 7353 9758 7336 9958 4107