99170 88437  2147  7960 21130 70763  2727 56890 60452 56640 94194 20524 25820 24326 91141 29746  8666  4410 85897 67409 94743 75936 41955 31507 33482 24543 44080 36919  4483 77273 51724  5730 67911 22171 59544 96446 13417 27720 89217  1218  3484 56864 91738 61240 40087 22604 48551 44254 77599 27366 32930 43988  1076 76854 16450 14304 91839 62424 43546  1639 21420 20388 81846 71011 26305 22007 91686 80843 62805 91116  5968  9244 32085 77416 65416 28428 35759 73337 91916 13393 66511 79626 40072 54718 84061 84427 26389 53861 71795 40464 33937 43968 20284 23660 34215 36521 46538 98160 15063  9907
66437 12041 32617 99303 71281 30746  8164 15998 22089 30042    62  1288 77434 79539 62450 15884 23213 56037  1357 45543 49893 23603 12410 95292 99429 22206  3928 32474 83961 44492 25103 13002 86895 33109 62985  9774 53836 39531  8460 32555 12336 74732 21450 56434 88767 19614 96779 40348 73647 91820 58147  8423 82162 20451 17265 67744 27850 38117 58074 86094 62138 28086 13100  1590 29787 38922 14918 70637 67717 49200 65441 74014 17616 58691 17613 22340 67112 88319 85950 19703 25159 85965 74265 13792 57480  8240 43653 21791 82729 44667 97567 97316  8502 18155 26460 34682 23068 62427 90692 47195
58021 96718 23591   412 64897 46969 68142 57759 18017 25902 49803 94508  4100 16551 54766 74289 91027  4807 59423 74535 31500 80725 92284 45565 78987 81489 91650 91037 74313  6862 51134 89701 28818 99481 23951 81223 45018 46792 16820 39750 61692 33272 82453 16701  3118 19110 49123 38710 47851 63935 82176 14183 23542 14347  5613 45293 60658 40217  9157 45942 75239 27224 48902 50382 23024 26232 40859 95540 40360 18240 78391 43500 82435 20852 84128 82332 50267 63525 60404 54457 53991 39363  9211 41982 79001 38902 39204 41631 95076 10401  7478 74410 88031 79676 64706 42114 57553 47108 37985 81014
36912 31660 91592 41212 69150 50027 31816 24636 20501 52880 53035 82215 93329 42163 69791 73886  2410 61835 57825 77104 94420 17972 25659 54383 98384  7899 74208 53867 57298 30341 72630 92366 21157 97880 10168 71186 40001 23320 80739 88600 10694   197 11096 11842 80303 74879 53973 16890 77849 85894 49206 27433 59915 13835 17293  4763   428  5646  5292 77605 17684 35201 89360 62034 95282 39918 34968 80286 80557 86547 77371 94088 76906 66359 62749 10108 31009 34433 99496 65407 48664 51902 20120 61276 75515 36257 20578 78366 69290 53098 99500 32114 26971 97289 32348 38842 85538 35050 36704 61619
85499 11967 20900 81628  7694 56938 86514 76285 25550 23690 81021  5957 85018 30380 86084 73926 80825 54980 25382  1931 36959 74273 59614 71212 86890 54941 37706 45863 58046 66213 33409 56383 61683 64680 39415 18719 59018 23065 82192 17670 30255  2220 32865 14085 33253 97615 16233 11592 32937 79324 76062 14029 71948 82137 96313 59540 17252 32041 64346 40904 86451 28035 80526 79517 12668 40463 39521 16964 72032 12092 36462 57513 15995 57675  5205 96399 68568 55210 83199 83131 11427 85144 44147   137 64627 85430 90724 61393 17100 35601 71650 60303 90108 87082  8158 15697 46966 44188 80504 41029
 2927 39456 88721  4957 39487 12891 16833  7603 89057 71774 15341 83250 80349 15472 99671 78353 46088 70944  6622 55254 62766 84151 27779 88110 81546 89957 63544 47776 78071 32774 22673 94405 54967 30418 63041  7634 80160 35709 43593 44938 10215 95073 41869 51428 33905 60616  7021 53523 74459 46712 91178 27673 74993  2767  9145 94173 37254 55198 12392 72752 41912 58232 84789 62784 76463 93953 77760 45133 97298 10296 55614 98709 36668 86913 76556 84757 21797 68606 10092  4073 92565 90767 56644 83731 39344 40058 40787 69870  9801 37463 52445 75815 51488 25779  3987 25935 89499 67896  7984 38797
86226 83915  6250 74347 50199 18800 83979 40858 25016 71091   575 45445 41701 80341 96363 94804  3795 42676  4722 75003 31548 72455 36772 18642   630 43199 84736 71257 85080 42722 62360 50762 64850 76367 53709 49184 79423 78169 11991 92158  2276 60961 52814 44038 42509 58664 51500 62337 66242 93650 31701 48676 33490 34825 90391 46636 38418 60627 64618 17564 22967 86862 40161 26590  1809  1673 92217 33004 22577 98508  1866 29300 85474 32003  2725 20374 78901 94155 11059 81286  4681  1110 45503 87137 10791 42324 68919 71920 24866 73782 50695 39466 12145 27654 82340 54221 36033 84427 96407 91518
63280  9686 36442 44329 79055 67407 82832 38274 64770 72773 33966 32184 48350 15992 87193 26849 52210 86082 97205 19805 15993 91734  3089 62869 43832 59716 96075 26016 36566 73191 66473 89559 88118 98668 31216 87123 80988 90506 42976 91040 35590 13244 25282  9440 77132 97577 56251 38909 60039 52378 36414 40523 73919 88754 61457  8717 74332 58349 86367 95976 48761 98362 55228 89755 59885  3056 80261 20771 87549  8254 62513 99731 51331 42232 49129 39108 30786 15258 56203 55110 92452 89609 23717 45509 73306 31606 45311 58121 92854 66382 47622 37651 25780 67328 23175  6308  7207 21848 18275 20023
20120 30394 88128 26119 99162 94571 86368 40234 39069  3799 28396 87367 94556 89730 54447 65091 22325 14337 21356 18828 27275 31933 60303 82512  3696 25821 92745 87268 22694 45155 36357 31418 10139 72182 92651 56200 81057 14964 33350 13832 92763 16507 85055 78518 78018 47951  8825 78681 32380 89640 22896 69669 82971 81670  3490 40189 38312 29231 45214 40403  5063 46588 77278 69285 20830 52921 68755 20020   980 42217 90576 46803 14425 83686 60469 76173 87117 19736 52512 90483 51107 55577 32712 41393 97626 31544 35804  9353 29846 62258 33719 17086 62759   549 34795 59421 57057 31095 87899  7137
10515 96105 60642 35615  5703 15006 45817 89528 76988 60390 27204 89181 90000 35471 80580 57191 29749 48331  1700 65436 57823 74770 91895  7469 90439 85175 71005 23167 40991 36082 87251 61737 10828 91569 73292 43334 26485 71539 67487 22114 16323 66724  6512 18006 73150 16811 88173 17811 46088 59200  2300 76090 24794 53766 79909 66168 49848 67587 54172 88135 96658 92152 83220 89468 13403 99132  3281 65858 84154 11092 17785 70772 11946 28207 46381 45197 23502 41519 61417 59752 56646 22182 75907 83933 91229 74572 15421 66478 80195 38449 65727 24073 95666 89394 39559 56048 98348 97343   795 61679
11735 79716 12715 61226 46487  8639 39210 62717 83597 48514 88573 25158 99300 24356 32135 45520 32158 44150 89721 46477 78649 70875 64655 49194 45805 82167 75613 13994 51994 74805 34832 39782 68000 42947 73396 34964 28835 62241 64819 43246 67281 34767 13801 12074 96126 47579 62216 49938 99935 17642 82882 39845 91466 45383 54363 73253 70102 94178  4594 89769 62434 37154  2850 28271 96007 45325 74760 62009 56184 71522 76746 63240 57525 56142 43599 60424 36924  8156 74480 55005 71640 16524 79897 44376 61556 76360 63554 82594 50683 48525 18152 95255 23213 62343 18686 14894 61430 59070  2923 19792
38717 62809 31451 20776 14686 95013 84815 19540 68246 93628 63694 84999 88954 13519 96708  3682 42107 68436 19033 90967 75075 99584 53014 74796 85945 60076 83206 94703 26924 61560 72166 96374 89725 90008 80218 18861 99248 61154 57272 26391 29565 15901 26435 67682 19468 70499 79814 15840 24062 75359 48537 86178 15525 64465  2162 88120 62153 16690 22282 48257 22866 37611 44550 45392 35685 43940 24259 62891 51728 71742 85302 45650 95765 56010 46800 23749  6055  4275 41095 17691 16687 43372 68829 96446   230 45226 56251 82389 95715 18420 86799 73016 91824 17387 50659 21075 54777 63937 74461  9909
28896 52446  5965 29741 89321 15675 29463 23630 53110 86151 70836 27792 43164 63814 88652 73055 26325 33423 10551 79423 75804 17208 78083 92196 29143  1648 81147 86818 49592 21082 53806  6914  9792 81713 51982 32940  6776 54614 44509 63557 68770 56029 96626 14818 90197 25982 86079 17211 66459 77301 87961 60879 32434 59229 75443 54014 40948 61510 89870 66578 37096 86284 48368 28335 95607 40190 82805 97037 94842 95703 69643 16868 73009 84877 96492 83250 48018 36975 16901 38271  4375 62282 92697 33089 55144 66307  7188 70013 47330 55742 92879 64603 56598 43267 41586 51672 15836  6031 30556 35956
34525 48540 65682 40750 26654  8663  1399 47524 27097 97491 12550 97324 85968 69440 29919 11271 19412 83079 51308 17620 81745 70402 36145 36971 43551 65485 28367 64673 67746 26245 23371 40222 29340 91582 39166 34151 37514 88977 46630 29787 49799 31826 33637 48351 88653  7632 66993  6489 80986 30884 80493 86040 17522  3134 79085  6111 61399 59727 75274 63222 30268 78884 68980 80491 76119 88553 40613 72234 40802  6361 60429  8717  9520 72555  1327 36973 53576 44799 20208 15500 77221 99007 28797 60562 72373 19790 56633 67292 17360 75083 43186 23992 77410 67626  8347 34553 28443 79412  7877 85732
38147 65287 28845 89929 65402 99809 31274 63838 35311 30649 53333 60673 88404 78206   804 91646 75666 79931 64482  7387 13457  1851 25947 75555 94305 64139 29634 79794 99164  6559 72979 86211 16797 44958 11555  5510  3292 96882 30728 98364 69060 54131  7787 35666 79411 17967 55541 85195 77678 79479 67057 63383 81073 39760 28088 64204 95266 29086 37693  6178 16227 85689 91508 69210 58422 13893 57045 24397 10239 44187 34035 48700 59680 79400 22934 18147 50660 79918 82869  3786 15811 93924  4346 73394 11951 29501 65893 97742 98276 67137 99492 94457 41637 48735 21597 97288 91832 55542 91565 17840
15562 88569 54209 24959 63254 66029 25344 28644 99667 70014 71122 95642 85070 67189 53518  9485 96764 63898  1170 70045 52632 62757  1214 76169  5575 12515 89411 85157 27003 25059 71306 92047 47535 80254 47761 24821 28643 98469 50492 23611 12612 94989 95920 14041 88167 69064 29972 74953 81142 79085 35765  3796 82664 95739 90258 99519 32263 83648 10477 26886 39826 62769 97902 13665 75503 95451 62828 67543 14272 84908 89546 60239 58806 99151 14766 96578  3678 56430 51136 59212 93272 91771 98635 51055 15338 13431  6866 10483 16493 17986 95391 88618 76808 84357 94034 11380 38679  7160 44768 12473
35640 78601 12970 22794  7315 27336    88 22234 75920 46419 75758  6985 39533 91183   624 62130 51921  2924 51177 73556 40898 23929 13708 26384 23355 53300 25061 89092 11473 43032 19502  2222  8218 55609 36087 42729 99019 44173 65162 12327 58356  7256 11691  3305 49163 94817  9006 59330 95429  5830 78788 25116 59266 63639 65098 45263 68134 27852  2455 92538 14872  8789 24195 83538 21894 89082 60183 85940 26356 13387 83239 81706 84237 18577 79695 71358  2995  2187 91336 66433 28390 92881 80075 85726 82630 23583 21111 60405  9581 67298 37247 75940 73457 63049 24725 59399 81979 40036 28863 40996
12839 62145 46102   396 86946 81428 98899 66589 24054  2403  4937 19474 38362   467 37359  4487 73659 43345 31947 46365 90736 25857 55282 23116 24137  9095 42331 48934 26182 39921 25379 19594 32612 24139 70135 18046 76438 59731 18238 50769 87273 68359 47693 20993 10175 97331 59673  5730 81460 49175 65344 34301 66167 33255 67295 82714 88267 19717 54053 72846 45932 52698 52729 48869 49993 65835 33059 45914 15738 83767   377 94623 27530 66034 71462 40259  4989 16482 85522 30743 18275 13778 58988 30605 34023 41155 66813 92039 11646 77080 93428  2517  2134 81359 52651 37996 61287 20404 23184 61565
 7706 98539 58234 89181 52299 73946 99176 30383 80420 67133 27168 32026 94757 39712 10927 66501 53643 55305 50792 44425 39856 80013 71226 99231 44739 70451  3731 30658 35013 85164 74673 78330 22926  9991 62496 36198 31881 91000 44381 73757 65084 11247 95109 90850  1850 79757 27928 81036 89810 60413 25986   544 97218  8225 60740 79716 12932 30062 39156 85845 66071 31796 57728  5213 11770 15523 20493 77348 77681 68544 22728 82020 36563 94949 16337 23306 49659 21359 67030 69039 94302 34882 61939 65162 45952 90516 96997 56104 88960 52903 44981 83762 61650 23758 20004  7956 52489  6767 89384 90861
29595 29477 15705 33686 16112 74457 73506 62214 36914 61985  7136  1620 18203 43754 24876 25005 71001  6753 85615 76450 83002 71596 35575 42108 45966 88976 66188 25322 38138 10065 82153 92271  9430 82255 25799 50910 70953 23229 95537 28517 65511 28954 36975 45553 94133  4722 92636 93708 38282 54062 33581 51028 23862 97122 40000 33917  5186 58702 58004 65056 17277 51326 53918 45215 12793  4012 53415 27726  8564 23957 52711 57400  9192 25194 31676 16410 91894 52842   373 10245 86138 76883 25114 53027 13815 23691 37078 74032 96181 55292 93316 41819 65784 98441  4359 68296 34466 89333 74811 80401
35044  3264 63137 40249 93716 50524 42314 79419 91694 44335 43090 81765 15414 42539 90285 69324  6611 40604 10340 32786 84068 88685 78723 62640 38243 35711 10925 46577 23306 17542 47041 79573 70008 85080 13445 27060 72918 16342 51375 19085 85027 91853 84439 15522 14759 21753 90652 92338 90562 73382  9250  2723 76341 11494 41108 35885  6109 43486 86511 94839 70986 20681 85522 30628 43973 48483  3997 92422 80941 95594 77622 78622 73713 73503 79984 19656 79023  4309 16653 28242 17990 64624 48673 96893 73675 51349 49808 60803  8034 80337 19905 85886 53845  3786  3077 34423 59672 23082 48353 44846
45690 91011 82928 30900 72183 96965 54205 18990 93549 93665 62740  9609 46872 22244  8084 15335 16590 89983 70653 12988  6485  1209 93068 26747 37325 50970 87466 33657 64591 24764 48414 21031 75107 80466 32600 92081 12683 84636 96294 88947 19133 48619 17237 61840 31879 36153 97080 10293 92003  2752 55317 51866 66935 14499 85312 85922 38281 38165 68434 51469 27273 76149 87609 31999 19692 13386 26820 85468 82453 30929 76658 94004 32639  6928 36556 75258 51261 36877  8699 85692 78148 38390 25593 10763 44719 70565 84779 55584 19173 79775 81728 93584  3548 57528 69261 75485 51245 72585 68356 82751
72633 33566 70849 39127 51170 33114 18293 42328 92426 60291 29047 42917 84728 20111 63987 86146 10304 37302 86282 90012 85427 72490 46786 35593 71076 35565 35860  6287 79419 72589 12019    44 57294 62412 64286 10065 95964 92929 39945 76570 92065 26904 98842 54851 89098 51267 64654  6413 53924 30069 52469 42945 41231 55018 40020 61900 42406 16158 44228 95850 14983  3498 20524  9195 77192 82476   707  6427 57701 97324 75645 25293 22776 76559 36841 81602 43747 49248 33414 42974 47433 55178 31276 40180 18296 58611 39133 88136 22798  9210 17427 50969 11569 27124 10942 78738 57474 27817  1230 78005
66396 28780 75068 46385  5880 25613 63603 64289 42681 89407 46647 96513 79389 59980 13968 18516 63318 86739 50434 57198 56637 10005 47051 90111 35739 25669 74636 80218  3325 41508 96820 40159 14147 45827 37677 72252 43434 99091 22984 17628 65554 74353 50350 74065 53842 34383 12069 63500 39168 27803 80768 12462 10754 86384 48928 18008 34746  3758 16392    24 69906 67114 87150 42875 74308 96453 70815 35834 86761 22375 75436 83382 98606  8831 93317 14566 50970  1437 93816 17918 71000  1331 45613 90272  9479 70681 59470 27844 11051 35103 19042 14623 27812   199 12776 61989 87395 27155 67460 73837
37589 59468 40000 43834 40267 70222  8131 43257 83470  8909 74798 41511 36748 42607 31329 28579 35880 72651 82135 69436 14164 35105 97839 84346 92938 81580 93065 68853 60714 53402 11696 18125 10023 43871  8085 73109 25037 24206 45598 56599 39121 46022 48149 72804 70486 69395 86707 55781 75989 76063 97285 93560 83855  3876 56943 56879 11487  9536 63572 69494  8855  1694 84679 88006 26518 28256 76776 15627 57344 46468  7526 10235 27426 27996 84383 64458 15900 44412 62241  1310 36157 99435 91843 68093 88152   969 74780 92727 47953 74500 20929 72496 11940 19116 88046 22160 40040  9810  6643 78215
52741  6232 62637 66736 27804 28224 74058 90898 25017 13394 88084 94008  5378 70611 39804 88227 44070 38251 45214 49637 30737 73484 16825 59143 78343 47135 70733 72845 57904 19683 31186 98680 17791 39435 12829 77674  3729 67124 40549  9240 33027 94824 74384 12115 44305 28585 27606 53459  4941  1843 98996 73049 81891 26542 81642 10849 18659  6206  3089 77046  5877 98058 24465 70379 34633 36308 72585 65098 22262 75296 90520 29410 70575 85949 62502 53379 97090 94771 36049 82729 72316 63741 60199 81355 85759 60064  9912 36600 76764 10042 95237  1733 57820 52654 96855 56177 66119 19871 76966 15520
14409  8949 99535  2474 61129 99429 50022 30337 97323  4832 58064 16000 70505 74105 85624 40773  6166 29989 51631 57262 30898 98205 39933 65072 75852 81633 80525 30317 64147 61115 98773 39923 85679 16270 41938 41351 35501 82725  1614 18314 51426 78419 19289 68445 23684 43642 32559  7473 59870 66984 33024 58265 82106 82027 48689 38611 84063 85706 49505 48052 47439  6661 46789  9634 55067 45908 71384  4068 76816 78371 17689 50382 21289 99031  9367 28353 46070 92117 20667 36618 73611  5982 75006 43064 94357 73768 38996 26626 72986 13251  7296 97806 60088 63390 52642 42146 46001 25651 10726 89081
38902 80812  6636 64896 32831 46734 64495  9501 91562 61589 58228 18336 80019 88843 80801 32552 27036  1432 85415 61632 61979 47805 92161 48475 35934 97122 35647 31193 26599 26701 14752 66599 28279 60742 52971 94131 54725 90789 81620 70905 70500 50211 29734 68654 79521 14026 54501 48725 72524 37059   963 84850 56287 56071 49571 62601 29613 35056 54116 13287 75252 94153 39986 19222 29787 55210 48097 84079 39285 51015 81677  7668 37209 87557 93406 95931 40997 43760 88340 73216 56229 60017 39014 26639  8147 65914   214 83559 30807 40670 83676   406 16983 57005 66055 39117 57141 92879 78862 81652
52368 73981 43647 19006 71991 80434 80569 46790 62270 22550 99456 42507 92494 95143 56528 87887 10175 20348 83257 66176 49308 35642 59797 99822 47633 87357 31874 58435 21644 38220 18335 88920 76207  1488 68549 52463 89887  7575 37147 16649 74748 89425 83153 46478 50681 48923 31226 32622 89560  8111 86803  5023 73282 25936 17834 60385 82232 37053 94473 80149  8770 36093 77436  7246 11995 35593  7114 68449 15394  9928 25791 59910 64519 92952 47803 32986 61151 23610 79111 72686  4526 12973 71453 56551 78201 62021 71525 50255 64825 21892 51936 38539 12302 61324 33542 41640 77467 91131 17120  6142
 7086 48933 98777  5770 15023  2676 89545  8609  8226 51718 50343 65422 36441 90478 62937 55845 29251 46365  4244 76544 55379 32357 54901 98306 91019 29923 40182 69315 78421  7983 32838 42007 47977 16809 93285 90855 65636 48099 53904 92910 97793 91071 63236 47733 28457  2197 36723 30203  8127 55539 29312 68651 56119 74520 17117  8447 34300 58120 23750  6921 49888 24296 77641 27988 41107 64981 28222 31207 47114 38739 31440 83282 89202 99472 87150 79927 45577 16355  7256 51228 11213 72696 64815  5808 86543 78832 76520 39018 66935 92111 67716 66081 96832 97845 34478 10946  1508 16163 49371 22450
91237 23781 78430 99679 58023 55458  9569 97154 71447 77907 46795 19629 12538 33278 84798 36711 36078 52026 32091 91256 64725 56531 84984 40826 88602 19047 90274 32174 72140 23352 55467 43161  1346 23275  5182 28968 43111 79558 61149 18255 63368 89421 40850 72824 11481 23160 56700 32271 42024 41317 17967 72819 33215 28191 75439 54846 63096 83059 71139  3268 43717 38715 81510 19852   854 78865 35520 21182 45257 94347  2764 38624 87545 87183 65898 49947 63513  6493 86759 41525 46035  1975  1055 90815 39069 69256 58303 21732  3391  4427 13236 23169 46943 95379 26725 66779 26819 60073 33500 32447
49533 74283 62332 11396   838 49764 68078 90683 71630 27530  4394 44467 69575 42366 99680 94587 74204 66657 53681 34905 20168 93960 51387 22981 17349 10407 66372 92564 87869 84700 41945 97729 13306 38927  5037 74672 30169 96216 46399  7420  9086 22375 31980 67430 88051 14537 45445  2740 43731 32168 40926 35046 22111 21293 75807 44219 70064  5989 82479 90284 80787 19131  8165 45435 67989 64773 88598 68567 25678 82541 77616 21674 12566 69733  9911 13117 20798 94006 25183 65133 44260  2285 36024  4535 61233 16060 62281 55655 44150 14167 19700 58045 81302 25994 25185 82271 81745 22135 41997 83024
29583 71336 70697 83493 25470 29565 99767 20982 43313 42965 52031 25167 26897 80504 78954 79377 74516 50810  7282 96391 33426 61937 59943 14829 98888 99716 90586 52009 81641 73602 48812 81316 59102 45990 67399 51955 84899 77877 13398 95568 83691 11229 14567  7606 53050  9320 71714 22044 30719 27106 37124 53969  3907 79826 35849 88371 48837 51490 53186 67167  6717 87936  9020 71951 12760  6532 67758 17208 38508 34973 99146 33840  3230 78366 55847  1869 53145  2134 42906 48974 29038 42110  7638 31578 61910 31042 99720 55682 56225 79955 97413 34497 42766 65564 87799 37846 12839 74668 45072 46142
66335 85671 55394 25991 88092 85939 80618 87042 14629 33271 20709 24502  4117 31072 84167 64476 51600 49844 67893 66624 17280  4490 16467 10903 47351 11711 58166 81273 37508 28994 16192  5684 65411 27390  5732 31895 97288 33104 13154 52721 55882 50361 81304 39700 89850 36553 11595 62083 72235 39533 39647 17726 94990 89296 31022  9136 80531 21969 31023 26794 59367 80466 73615 74633  4263 19151 78630 34358 48831  9744 85305  3449  2209  7869  7187 67292 34425 83744 95177 38903 74120 83360 81179 49575 31510 32339 51221 96305  3900 70662 92320 20862 69079 98141 85549 22999 60547 47222  8989 10831
43947 13660 74245 21322 93519 30866 70717 11101 32337 14830 85960 37357 38694 65819 28493 52831 42984 28225 71607 14030 44008 98002 27235 54933  1117 19709 46378 15048 54964 53324 26421 91068 20848 76639 85232 31062  6033 37973 73690 45086 44575 54590 23934 96351 13557 12745 48305 21509 43107 14505 95592 35487 46661 84160 52111 75517 39598 67259 39367   636 73087 85976 59401 17932 22201 43778 78047 76344 51487 15710 66581 32341 47640 76632 87079 91798 79628 71467 24198 97461 15016 70953 92111 77992 74539 81923  2335 96119 36675 11853 11251 71107 83229 83429 41157 20662 49097 92217 11587  7721
56604 34311 86397 41739 66085 35646 23094 85504 33860 96657 76896  2089 46422 82433 42521 48433 73967 37255  2800 12940  3377 97417 77113 38740 97395 45278 56819  4608 24954 15735 92321 53608 82331 57303 83682 43683 87000 52683 77909 51651 60784 79881 92928 27310 37600  4124 14830 12157  7431 85164 32117 20143 16277 85908 74020 23417 54720 81348 36767 59285 94902 33055 85198 49742 42209 85894 16166  7853 67962 77785 60502 67394 77511 91056 26360 21922   889 85850  3279 33782 19167 74570 59318 87760 53353  2971 97129 14942 96322 47840 76282   981 26392 73515 96973 80764 37051 24133 26558 89856
61639 88834 19854 48443 76372 49338 13490 15516 37963 44096 41936 43965 85474 56780  3103 86917 89679 57238 87437 72541 72784 25527 36973 72647 85607 67224 23553 15713 54881 43189  4047 59082 12839 62464 71661 44838 21945 99322 51335 28666 18591  6513 59546  2239 96925 23485 64427 42157 41781 48538 69794 20215 76438 78102 73633 48715 56198 62570 81556 27658 26231 10697 25011 41686 26545 52848 29745 81471 71913 52964 79670  4497 90834 97936 26235 22790 11275 34600 30280 87386 66462 16502 13118 21128 51290 90062 82349 66559 38812 89060 32309  7595 17440 44932 76358 27670 88930 13559  8125  1658
 1468 59075 98900 20997 11407 96547 46660 58114 23829 83456 13773 60279 66124 50004 12868 71478 34894 21473 63842 37110 87202 16265 23828 27063 50041  8526 50273 58308 68153 79006 20566 31500 56858  3807 87040  9218 72457 72819 87211 89917 79237 75972 68145 16325 19050 78684 50859 22078 57967 81994 17161  5093 41417 19668 30216 71300 47598 17242 56652 96008 51232 59880 63233 18809 99709 70041 11732 83236 64838 65061 63415 75363  9566 17971 17816 98362 17262  5913 34384 89779 29704 63400 72922 28816  9841 47452 91443 66558 64957 43166  1012 25183 57296 59278 18339 35593 41082 59538 75455 78311
40274 88414 35201 38802 70645 39082 39607 28361 89191 13675 92146 50795 93320 21569 13888 96764 12858 72402 46256 36627 74039 44341 67271 78072 90997 92693 71897 44049 16402 17211 18232 64507 47473 62839 24042 39268 60328 41513 73842 66429 96035  3434  8298 70505 92876 41308 73732 43212 52679 35080 91071  8794  8158 75099 91621  6082 15620 91639 35478 56419 83215 56480 65651 80942 23611 17597 92364  1320 84293 74537  7264 41799 90915 68860 90103 17311 27955  8297 78668 27679 16167  3205 97679 36178 98182 18182 60802 53957 80942 69271 21461 27878 23666 87890  5378 82713  1939 40590 11809 36077
85181 69572 90381 62258 59733 34665 60664 27300 66746 25651 85487 67115  6618 21204 31730 15756 67146 89149 24088  8109 83684  9472  2155 13392  6097 17489  7566 19678 71160 83458 11572  6330 93351 42634 27692 26285 91606 59255 68126 37954 60182 75131 21613 31113 80855 84925  2088 76440 12748 68795 93326 58054 43161 26346 13867 81645 94566 72381 48966 95275 69382 29487 32723 29248 90004 51676 18450 21844 55242 75411 18816 42947 18660  6392 42092 89832 84754 13920 42699 58784 77404 17656 91512 75045 10649 91669 52922 82985 73206 41441 11471 69760 59661 80189 43634 48145 48886 44166 99107 96597
21278 54738 78275 32629   785 66264 40731 27629 58108   560 63003  9300 83236 82978 28472 65204 89385 40767 40822 76258 78975 50585 69984 84353  7416 39305 43231 59720 77636 79159 47703 55240 31551 78500 79465 67636 60909 50009 48295 33253 61573 63312 48642  9680 38466 77592 84564 74365 88159 69257 73726  7194 83928 58214  4731 91134 91005 59928  2789   797 96065 53249  7376 26073 68460 35345 13695 12613 21269 89721 43361 18790 76891 84049 46612 86537 51866 65586 96701 70103 56770 34968 34385 39448 69750 83684 59610 93311 85714 79548 20007 19371 28988  8370 26470 13186 68799 35646 84588 14308
65677 92635 11449 48518 69873 68432  4346 16253 45668 12060 67891  4581 91193 15252 33539 60829 21017 13392 15035 69547 40015 89318  6981  2443  4949 46164 57278 49102 92551 93727 81936 40808 31507 74160 86524 44475 66732 20884   183 42767 85748 54560 68904 21866 36218 18652 37924 17349 75118 35940 33782 39567 73949 81900 19344  7022 12113  9460 49389 11513 18885 96200 37232 35631 48152 52400 47176 81598 85814 41777 68476 75949 28279 27235 85132 40339 59111 33465 71691 28945 20066 25200 61651 23371 38294 49167 32574 12460 76522  4184 22296 54976 74122 68706 24287 66586 81629 27401 68897 54195
48961 10674 55568 30216 63205 80706  7238 70067 94998 65994 34717 99689 57123 70313 88971 49059 16002 18943 97722 94079 54435 66761 95484 65708 10000 85422  2496 62113 11097 99312 26815 83062 94287 18033 37413 94500 78772 58480 45236 83911 26291 20411 96298 12941 67694 19205 18357 83014 14189 88719 44997  5039 63649 35809  9253 72413 69009 57545  8785 29421  1383 35163 85991 54681 75108 55760  3645  3042 13771 96977 15228 96614 17201 74637 28414 93427 52146 80921 15378 29142 19105 87533 17698 68340 49307 80904 93596 17181 50786 91973 59996 12523  7730 36527 57576 81657 70835 18733 36308 23566
53722 51809 43826 23362 19523 65805 19789 43847  4226 87108 60422 11995 24144 39882 87683 18660 58990 19335 54112 21186 53437 45435 52145 16618 48567 73481 73655  6298 35181  1907 87429  4509  5698 71363 64497 37039 87531  2128 46141 53808 44453  7909 64300 81296 17212 67708 14673 94470 65631 92073 26101  5579 78142 55693 65763 65709 95542  1690  4590 31799 30465 43126 77212 91002 62464 85492 57521 20120 85764 29855 75166 11691 73965 82473 73850 22302 59707 35996 66015 45806 54463 48641 82050 45019 68750 37698 99113 61182 37522 69690 17755 51950 97475 46427 40312 91090 78471 74590 39346 34108
97298 38407 86192  4408 74197 21555 94147 32438  8158 38986 12654 70511 22332 32200 99944 76992 57691 30462 27650  6284 80104 28238 25117 19345 50011 62423 20008 80399 44653 59124 25734 44394 36646 78496 26359 21608 22470 40281 69817 91225 76848 58721 58934 95760  7668 53840 35532 86648 75449 16405 28438 55125 79175 89394 95787 97409 42827 28337 86745 10960 82203 79535 66402 76771 32208 94192 61965 87708 82886 16108  8071 45103 10955 95916 19093 69716  7691 54249  7763 59311 82715 69220 33512 76190 48135 97350 68411  4984  7048 86036  6924 81310 77369 70378 28967 41972 29977 34632 73401 67720
45280 61149 17500 25016 49624 48040 46090  3262 34406 97251 31072 92680 21014 16884 36531 93180 56579 33571  9723 44979 86543  5366 25893  8637 99308 78672 20708   436 24219 53133 79986  7103 40893 43409 88962 38441 28977 11609 88068 67884 47817  3622 15574 72016 47917 33341 13459 81756 35408 64681 39975 94461 46594  3430 54671 57614 28019 53314 74275 57319 99886 62954 48082 82687 92493  2658 75689 82746 33645 80921 67408 37096 50548 16488 90597 43881 94256  1876 62275 36245 25204 94145 43330 39529 24077 76401 70455 86915 11938 95841 99224 82265 49728 41596 86453 74363 44000  5604 87336 84344
93765  6995  9629  8080 58127 40675 78024 56393 15984 25890 81641 77853 32610 55412 37819  6217 56788 52075 47112 10999 44261 15199 99130 77920 52087 34621 43645 94752 33371 60951 19210 11012 71826 33770 92986 74065 99886 33806 61912 26357 16134 79794 31728 22983 84162 88834 20279 36409  2326  8647 71225 75647 88587 25867 38324 38778 26954 55292 49321 79944 16921 52547 23775  8811 11148 42007 12793 20585 19159 38472 21046 56018 46396 81404 26799   504 87953 95050 65821 38303 84494 66819 65042 27781 49292 76490 78130 46618 68956 28548 71942 94070 53960 69729 15124 68269 92009 63554 65698 12236
63890 94331 18164 41699 26073 66839 86005 43993 64879 86820  2881 41470 52031 87601 52557 14519 15908 33793 82527 66953 30173  1080 50650 82502  1081 11646  7917 59207 33955 67009  5650 64859 74927  2455 80122 56510 61582   452  1322 46144 33334 45876 66263  2778 49103 59298 88457 96847  8177 98634 45504 80156  9977 47844 38042 23413 12317 82190 13212 73364 20367 69183 18645 57493 58156 69210 92864 42528  2020 90279 46273 95408 58855 74005 61667 68091 95713 36303 56846 12039 56415 21893  6663 60130 92911 89950 10426 97574 18812 25670 48762 20749 68459 91878 73317 59999 76152 91809  4445 78676
78710 68103 92332 47475 30166 93080 11806 30645 79637 71194 43574 86303 17300 38662 11684 20869 26573 85607  3990 36044 29288 62121  4625 33433 33360 71196   248  5832 76352 56636 22314 32130 75854 92623  7283 54429 71831 96099 52594 72035 25826 39978 29461 22258  4315 11381  1604 29330 87124 29541 93730  3291 34863 10680 94676 28409 94134 26542 60102 21240  1408 90706  6046 91699 79199 61871 54158 45916 26058 48914 97370 88169 73678  3239  8149 74984 31159 47751 73121 19822 24473 50017 25063 45777 77420  4203 92231 12038 14200 60612 44674 71635 72970 48245 86445 23196 36558 30373  7659 65743
12016 59625 25890 45434 23671  2161 42145 29560 72246 38383 70010 16471  3170 88778 22252 99134 77378 86363 54519 14042 93770 85281 91773 16899 49045 65748 33591 54526   309 91202 29245 13350 30158 20894 55241 21122 79629 31311 75555 28917 23659 58623 36261  4116 71645 43294 37916 50174 59341 94451 21062 46372 35612 25272 99333 51998 29195 83377 98921 71256 66788 27759 15400 42478 77569 35305 92200 22655 13460 66968 19163 62744 80580 14519 41409  6698 85235 61976 56097 89351 29649 15838 55892  1965 62804 23382 42785 36340 43544 52792 80956 20529 15451  4811 32150  8789 51233 66134 76901   274
64836 49446 18106 49461 11312 36826 81075 56080 17957 51600 90892  7967 86053 29960 58833 70363 80101 14405 94300 70352 12240 59613   351 83578 37239 96625 92601  8859 98018 29372 85587 71067 67255 94180 12175 89175 13532 58767 88955 51976 99039 33052 90378 27873 99035 43851  2741 92117 97583 16600  7500 22965 88569 14691 20489 96973 36704 17502 32004 29322 70274 47164 26239  1379 92020 84462 39393 79086  8709 79617 77788 35318 64818 43333 44445 63577 37432 98311 45536 21007 34947 49839 35021 66474 70682 39592 41938 45594 64029 37495 79588 33038 22028 57604 62033 23025 48084 90884 17631 90830
74276 76712 23323 15838 49542 31202 42620 68664  5940 19018 39948 22051 62765 55235 12473 47221  2084 39792 64286 96172 90733 40343 88322 68594 48910 39106 15831 29846  4468 53133 90408 29219 41459 12966 12771 29934 66520   343 12694 38778 35073 81364 58947 34123 32941 36586 16346  9402 63837 72002 85619 43087 19956 12403 42467 28419 16572 43108 73396 76865 14662 28327 13752 63543 24228 30306 71531  6076 43439 78735 47504 14818 57998 62056 34183 51245 29866 25854 72612 50972 43089 44246 45459 31077 25205 92455 36564 25757 26909 11187 42037 99086 49790 63350 99704 39357 75576 18379 92832 58669
63702 59316 47968 82065 97496 99111  5386 75519 71530 31423 68540  1797 83023 80333 42832 39800 74204 50000 35063 50981 10872 55095 41821 84242 34060 58452 93917 94807 66922 34764 64290 11857 36782 92723  3199 77678 71715 16241 59317 91335 56008 85874  6043 91363 53861 49867 53875 93722  4822 20947  7956 83753 71397  9728 21147 32869 55253 59685 39680 22168  9924 72227 91923 58016 60547 41213  1449 81161 58155 18358 99197 20509  2509 25849  7615 69058 69335 13960 74968 60428 36821 89477 50238 88474 54459 29955 92052 43865  1918 78070 36872 76728 40196 31855 20641 48342 96311 64576 27601 23522
62014 88211 39179 67400 39673 50965 65564 87557 73907  1169 13395 12515 40455 58130 98962 39096 90113 63950 10903 38452 38556 11638 83412 19767 81569 14375 37539 39312 16818 71282 89711 71251 90917 48801 80547 17601 79910 91180 46597  2645 58493 93663 11415 76113 78691 39755 27091 39796 76174 96233 30706 44007 79171 84505 49659 63216 80729 70244 86855 39068  9774 95741 57205 18062 81336 97955 49749 79635 65458 22357 10927 12967 96785 41527 76930 97499 97126  7446 29166 28067 19628 29265 30975 87613 23564 15094  9845 66762 79732 52120 23586 72007 89040 75138 48994 88443 18375 86498 96469 76864
79982 29565 88761 65478 18771 62047  7840 44225 76020 15525 67139 81647  2755 38023 76199 73379 66693 35109 23851 85868 81072 52802 52651 26141 87371 20918 99629 82419 28580 87287 96203 63116 14559 97443 21166 31427 87643 80515 52476  5893 75040 92141 80145 76829 34087 89839 40344 44665 74182 17682 90795 90439 17538 47600  5778 63844 68969 63154 46060 94152 71546 63343 73774 64104 39331 59677 76246 89093 78179 44553 57958 67162 18224 85550 17317 96001 98204 17645  1649 15047 72905  3635  5768 67829 11995 68418 25690 12766 80140 29933 99326 46737 58555 81090 35745 93259 97555  6508 18204 73531
86490 18747 49346 23602 88727 66258 32721 51371 49210 40165 14498 75906 98527 36331 34032 61951  9769 41321  1986  2562 95778 84397 72574 98830 86256 51076 57258 20297 91467 73245  4882 81903 22393 64901  4454 29238 58180 53884 58606 93872 79203 53569 44085 77995 97350 54360 32898 21709 39610 83330 60516 29287 52882 78106 36840 85271 33563 94878 12361 78649 49104 34697 90917 25788 61404 78314 83890 67402 32348 65093 54244 43254  5988 32534 55310 44557 12996 27836 68430 28841 82401 70141 85924 67539 57654 30079 23148 30107  4506 18597 72685 65884 49318 84982 81272 28399 99208 20447 54771 27388
25859 28753 23552 77649 48707 59376 89633 20366 83799 26308 60627  8302  9037 32528 66297 97160 34877 84098 15998 96373 83726 94783 12876 85862  6562 45545 71883 22455 96159 50986 92843 72198 57233 40412 80837 65318 31506 72060 96731 50890 49494 44384 23904 47603 44052 98494 81598 34384 89673 51541 90495 71875 95667 11568 95147 79543 19975 64849 49935 53551 26689 34330 19265 64462  5486 49712 35608 31186 62205 28326 28143 44684 94314 42757 82562 52634 30499 65868 52652 11575 28129 60067 16683 60748 42747 25669 71929 14650 89058 26075 50366 88075  1266 77277 98855 46791 83289  7617 91824 51714
28702 88195 61094 74077 10069 37858 32121 73096 91600 51270 82441 31105 65282 99979 16771 29433 74353 28106 36051 98203 41362 39478 82785 52343 73663 71062 67725 62187 55045 78178 50594 43456 82478 49846 90874 44991 97513 75149 65358  1344 94442 43307 44103 10390 64795  3615 51486  9023  4880 88990 72666 83970 22743 55618 44666 65856 42872 87543 53523 16822 68613 21817 81816 37772 93043 54350 13340 33661 99653 48337  7107 85801 14533 89670 90270 90796 91456 70716 71607 49228 98669 95622 38320 85738  3055 37618 52332 52037 87905 55363 83439 29443 92814 67855 71784 30000  3424 47414  9764  8150
67366  2356 16708 98222 68160 38257 74626 96568 43718 36302 45014 59634   630 11092 96590 73123 45234 37347 98169 46207 12775 96271 97547 92325 95269 46094 91033  3373 44645 81305 10561 86176 51598 39713 46103 65186 73182 71866 86445 31860 31080 65384 31109 64760 17463 19443 98095 44236 95750 49474 94918 70008 67668   882 92793 91516 47205 74815 70331 50323 42394 24803 80729 80673 63429 47224 21061 22166 52401  1979 84889  3823 67024 79025 93010 31064 78155 30200 38439 57727 20522 63643 31841  5135 24905 13687 93607 21845  8292 40387 26527 78194 92788 50214 76649  2364 98605 85399 12714 33445
35217 17708 73596 12591 57775 44762 46663 88905 74835 26461 19241 47940 59305 39375 23087 34857 68058  3932  2194 86818 29919 16503 11588 77897 26315 52220 47722 92885 43470 35172 65937 23237  4805 31121 72883 61611 13813 72838 12522 11948 78299 90081 96963 31891 85390  4765 86470 55753 74353 99000 99586 66451 59031 17742 79917 48137 63104 15015 75059 83673  1390  9341 43985 58307 61938 73781 34067 80163 54079  7101 15793 88613 58575 38737 55667 69215 58021 72986 66528 37004 49082 80047 35900 65613 22145 86275  2330 51615  4539 54071 20869 90248 92090 67612 79993 68249 53067 92692 89968 65375
37033 81660 17526 89102 51167 16505 46012 45445 71398 94608 22440 79453 52967   656  5590 89008 92380 70783 86213 75163 26439 38431 15627   954 35006 96413 26839 74944 12452 57284 19602 21159 66138 84299 89708 69539 79899 78169 64944 67487 75045 80792 59281 55464 16284 81604 72231 16083 68490 69420 22928 96722 71911 70295 37653 45653 80607 92158 46656 89110 96406 94634 71549  2342 45544 17278  6632   168 17367 33353 52987  1698  3885 25998 47005 33336 27547 70201 17459 93785  5206 33965 30929 92615 20476 97717 21598 79044 30931 53989 74559 45934 32791 21141 15076 26953 44126 12216 68323 13082
  841 81147 28584 50975 70594 95668 97304  3072 86026 49735 61412 43681 18699 38141 23439 60929 27304 12249 51221 45432 31358 15297 68643  6140 53255 80951  1116 62263 29870 23263 15455 82623 52455 56290 40957 92147  3503 19122 26460 68674 67319  9172 93345 10772 49610 89294 95140 57273  9103 28854 49013  8491 58950 72543 78572  5062 95631 47269 42478 71642 68584  3577 71254 37287 30000 29287 38674 83297 29453  1726 91995 11151 59819 18766 28185 20179 38279 71596  6862 97769 81713 51299 81199 50951 99999 53094 70163 54332 28173 72458 74791 12997 56976 60800 93030 97788 17782 32807  9585 44980
31932 36758 12624 60730 41267 56222 57489 45693 86084 47217 50215 89565 15211 45062  8693 75887 48254  5619 57498 45432 94463 50842 88420 65986 70822 58582 73856 85498 47865 29853 58904 18845 69983  4069 97108 12722 12071 39587 58023 26225 18597 56502 43355 61373  1370 94621 35514 22068 27270 10523 69561 89095 86792 92475 41199 92066 75061 51232 90651 72498 50706 24933  4348  6974 70654 62887 38259 23029 62078 48872 40061 64229  6916 50436 25032 95636  7445 10052 88029 57110 72279 80131 97490 61728 71308 69940 30977 61215  6159 94991 86545 93443 68515 37621 15145 84798 71327 16280 88891 24435
30231 36818 94866 10826 91234 47476 16112 37800 98811 89752 66949 69541 34219 90347 76170 21074  4628 52746 50908 42239 49820 45382 17206 84209 20195 28597 85798 11866  4787 32791 86636  4962 17253 48034 86516 66080  4674 79091 71601 38904 84657 15041 39770 16133 28668 57672 59041 44915 20637  8465 40214  4084 22218 21911 29341  8183 67872 56919 22134  2716 14245 84033 54199 89832 13021 94338 55066 58500 63960 91994  7362 87962 69085 37097  9920 76728 61431 95832 16885 12116  7285 71721 46339 94186 40280 79808 20650 87784 82516  4996 73715 19679 92668 98336 41434 96704 82857  6149  7253 57133
45975 23163 44502 55986 49351 72629 20252 61949 41374 78584 23983 69928  8457 83893 22662  1272 89934 15420 82203 37417 38499 97309 38628 24609  4092 43960 95369  4542 28456 55691  3271 84132 39043 44797 60965 62191 60425  1528 56536 40761 48489 17080 94000 71011 81867 67038  8570 68857 66068   865 60779 76033 58348 21490 13832 63596 45238 98176 93731 20418 22229 32206 50538 14410 53962 22061 70563 82511 32271 95451 86956 14002 76529 89183 32041 31136 25298 24526 72704 77926 50226  3605 42268 20872 14457 89611 64184 64977 13545 38177 24930 35100 94494 59534  6986 93231 74434 46034 46010 37315
25592 70955 29375 57425 10567 55287 19617 84650 82770 84328 38119 79066 53943 41294  7661 98181 95635 86367 44908 82086 65853 87665 45373 65489  5603 69038 96905 21288 46768  5276 99218 46200 39445 62507 70072 20646 81527 42135 77657  7433 59959 40652 20057 32416 65354 84720 89956 92570 32088 91117 80639 27790  7822  8078 97106 29582 77962 97622 73369 76151 53268  7906 92478 81133 64439 14103 79979 62068 70620 15808 19884 60688 34394 80316 43056 62062 87944 20668 89040 87807  6326  1927 83785 84506 62593 64916 85204 44335 11847 44215 22158 99188 53460 51049 22574 33576 79992 61267 39165 37253
 9585 53716 42699 85886  8155 40444 68599 98804 34098 24141 89691 89017   378 85175 73045 99543  9041 46372 75954 76202  6970 51469 24953 34119 62339 91036 69073 64852  3736 93511 37788 99680 79101 20046 23434 71463 78108 50410 25057 47124 52742 46626 57191 31003  1835 71213   724 42130 37196 35394 26535 44544 84255 68636 79640  4611 35324 54042 55642 75913  6680 31457 76573 22280 58907 11798 35779 51377 37770 99865 85416 13205 23537 10420 49674  2636 24389 91777 80048 95798 13859 88656 46631 63959 81207    82  8988 38264 61999 33604 66024 13946 84232 24567 33914 95420 17103 72590 59292 93478
72792 42675 39444 30200 33635 29992 28060 86437 88950 33230 27818 48593 19663 83537 88303 73081 46777 33701 59521 31440 51362 37385 11130 13231 54660 97388 29459 40808 66411 83964 40766 64770 46375 11207  4585 88313 53622 38333 48673 81844  3292 40935 44309 12306 61911 17495 71655 91173 85278 78939 46177 77881 36820 61255 67030 13407 90553 22970 89392 68134 70002 47170 41568 77217 79119 90942 86332 18068 86814 31099 96723 44880  4325  9547 61616 42663 90579 59957 29615  6548 80585 15791 41668 42851 59962 53208 16441 76520 10219 39390 96605 20007 26296 32116 98283 53182 12501 93479 95711 70837
63612 76141 61581 89661 71311 95157 75982 47535 26503 71813  8499 78116 56509 14109 57989 57074 67067   363 41644 56027 41999 22061  9522 51060 34313 60120 64116 93777 35017 13644  1315 29105 59787 75380 64271  5019 95773 17506 88132 35180 87980 84427 48159 62147 82100 23872 76388 36377 95134 71484 95193 69194 66417 81074 94539 49160 64276  9053 80075 21959 80364 60399 70205 74181 68994 91487  5847 94903 79162 36905 77180 86886 15175  7131 41558 43456 50671 81540 21785 46316 42130 92229  8254 98866 46868 22841 59329 53335 74963 45871 65735  3734  2971 28513 63786 64857 86147 32016 86661 88380
18436 45457 74020 56847 16605 25568  3804 78484 97416 15761 67402 51045 72203 60183 40120 13515 43478 95417 98087 56607 36183   901 70723 75519 58387 55834 58150  2168 30386 72806 67917 11452 45831  5438 21321 52735 19872 81106 31825 71449  3450 94738 37261 34968 65087 12798 68348 29368 86644 11352 56117 23113 20500 82010 77746 81559 25092  9452 25468 68596 99891 83549 49463 39834 49915 80189 25915 46479  3394 88203 61803 59877  9754 34083 28224 66850 90457 16078 64233 28622 10900 48440 66556 89665 67063 24446 33470 17104 23120 40218 37920   462 28366 65843 92604 23147 87672 87957 62235 68907
96998 91346 94315 30698 75953 86283 83280 74507 17684 67206 64918 65792 68647 76507 50729 86355 91417 99890  7971 21908 73178 35412 69070 69647 10431 50673 65633  9653 20096 61281 54241 22323 78183  6675  1881 83126 44691 31122 35668 19880 88797 92729 62451 10030 47481 91368 15942 38136 35788 74042 54007  4069 15834 11705 62057 54778 56789 49871 43584 60366  8231 65092 10113 36157 83558 99310 60426 24469 47259 20652 89395 69112 74501 75303 21870 34060 47767 42183 53810 41916 54189 63573 82385 92533 46900 81215 92248 19951 91047 18792 20718 92143 45772 38817 37480 32167 34967  6130 82561 19389
50422    28  2584 25558 45630 80177 38262 47722 48276 23873  8641 70272 12975 25421  2595 39259 19307 88239 62185  3685 19923 16237 80760 72888 92517 13837 18763 49188 53340 64102 49433 31369  3595 12676 35846 98045 44809 91108 99820 95039   807 32324 40137 40258 75980 36807 77731 39211 92780  3433 27849 39426 94810 41388  1745 71526  9039 53721 31329 86010 54925 65235 15183 36577  9467 99007 89007  7481 72353 23021 53824 27957 70292 24663 34278 97933 69468 61054 84110 40216 89008 59370 79978  7605 99668 34492 80306 80268 80646 58900  4022 31352 35830 69291 27850 48910 52420 47987 19210 74688
63121 63302 83084 75854 36796 17881 31696 68976 30576 22287 50026 16553 96872  9209 35815 43615 67091 54222 95484 13541 49969 79962 88891 40978 54835 62381  6463 43829 62068 63114 68186 98574  6727 58211 34613 71620 97206 24665 92586 83942 55084 14581 69860 27807 24816 93164 40537 25624 71343 18936 37919 14442 92011  3382 32367 27157 18659 84148 35985 33318 78342 44500 56180 31980 67923 14116 68016 28228 92336 40558 94920 80965 39267 31711 90012 62800 78030 40377 60544 70251 68877 49684  1250 44757 13622 64623 66501 82469 50940 84194 25589 14720 20903 50309 44220 60707 83479 87309 37653 51888
91184 11204 65616 64876 70970  3623 35888 47486 93780 89988 62049 73496 54248 24882 72058 79196 99697  6607 96154 57158 83572 78122 21195  5020 58321 57005 24127  2842 61531 91083 10809 17609 96906 91211 87595 31333 88333 96842 35062 27954 96599  5736 91663 61123 25519 63554 86642 12175 12660 55616 89329 86132 96083 15924  7649 99362 69164 42001 97971 80308 14527 66755 22750 13861 46399 27048 47575 33320 65754 51369 86368 55917 44712  9671 88884  4187 37486 17530 74558 53033 26980 95771 50346 32878 69141  1714 21206 75319 32436 25007 28720 26473 72850 59361 38732 90268 23967 51612 17875 83909
15533 53951 68243 92452 12361 75984   409 88219 81809 47065 28270 98625 57542 68145 90771 25602 15236  7757 20698 65918 53419 72564 77880 84781 34239 76318 58369 77034 12085 70390 33462 25176 94259 77648 15470  2922 69673 70217 85232 97956 88143 34253 33320 30218 90933 48761 61479 81646 77338 82684 31967 33959 91619 50869 19413 95063 86601 64603 88551 59924 33397  8394 76729 31110 54343 72567 63064 34351 74020 27008 99947 90744 67048 21124 25673 31999 34094 42188 38728 12651 22857 49822 67097 75198 98101 29350 80126 53802 25616 48646 13084 94123 67911 21653 28627 87804 59557 61381 31258 95534
75394 80671  8985 71866 93133 86524 49650 21777 63411 71029 31149 65165 91276 68770 54077 60056 93651  5778 56208 13295 64472 75724 93746 18368 17144 78061 96829 82289 45761 42075 69631  3931 92293 31062 91142 62818 77085 12115 85587 31648 15714 42918 14664 19051 70888 43171 84914 47214 91456 62802 51571  3072 58726 25646 92330 51518 77442  1953 65595 10165 64554 29114 36309 94993 24036   761 52576 68849  2821 78155 33464 60732  1663 30154  7542 92428 52753 33687 42070 34606 57655   349  4356 54524 80996 15185 50342 59776 69364 72672 47761 31113 69165 81192 35956 56259  3333 50975 35674  3447
49412 30608 34697 68893 59468 50374 84259 57567 17831  6189 64977 12448 82868 25636 16541 47493 91751 76656 26888 88115 23431 85782 98593 48295 23920 95200 64715 14111 24935 84355 57649 80277 92460 50252 58502 44086 18228 88723 79684 98079  4455 96154 78800 38943 71314 78806 26683 40033 56385 60393 45693 78296  4391 16535 41508 39390 40651 28175 91435 27152 78618 41965 62710 61009 56933 60819 58729 82999 84679 31286 55415 82478 78432 15564 37841 74133 10085  8191 74942 85208 82621 40892 37955  4906 11585 62977 58823 71188 92144 87043 30341 30271 75466 18324 53450  6743 94229 32158 32258 98671
42608 88519 87639 16512 83916 68751 98231 10130  4778 46491 66115 82850 93059 52110 24359 64461 54953 82339 40110 27227 48223  8913 73676 36667 70951 51499 83261 93462 51398 40637  9694 45741 45320 64892 19039 72448 55747 70884 82086 98279 10305 81647 25971 86960 89151 57294 64132 94307 30653  4097 62107 83121  7090 78172 47526 88092 10960 45738 48426 12735 94631 46018 13914 14821 23302 55003 40621 66574 73699 65022 33624 88308 79564 55098 91351 54162 96528 11316 15240  3822 47083 81228 54183 96067 84576 78026 55004 44791 88271 44509 53424 97841 11464 49384 53268 94733 36078 11489 38237 55323
25200 15540 93639 17409 67735  7647 97555 80723 53000 67322 80264 24377 46536 28943 96391 63769 86081 34749  6742 49559 95921 99744 36779 76075 69047 21435 83482 89543 94042 11052 14385 36869 46760 21264 56977 48863 46365 67804 55780 18052 52522 14259 71802 60965 76777  5909 18465 17493 16071 23942 50989 38935 39964 25716 97360 74971 28027 80146 56957  2501 45631 32958 44832 79203  3362 36930 64537 59868 54278 57826 45268 54808 97774 26237 17060 49333 97286 72261 64972 95145 75657  6000 64533 30151 10026 26603 14192 42353 84058 45234 16323 39954 54425 39094 54193 24747 21820 20683 61535 42017
11151 47915 38523 86840 40789 30923 92255 39778 47948  2278 52777 90732 25036 97778 39975 59114 27964 85055 59291 43864 92977 17156 13913 78873 37808  3461 55343 56116 83770 45866 70457 29518 87349  4303 56347  5473 92028 15928 80079 90364  6701 99715 98834 39079 65030 11510 19346 25831 46574  2363 61000 18467 46574 39605 51871 91653 48743 44465 53071 38763 65969 48345 13717 79952 57803 43903  2485 49249 60351 56593 32735 73986 57443 84935  6433 42074   847 43816 24080 95702 80829 99149 26325  8438 69008 50927 68685 40219 10423 91394  9528 48977 71073 42288 15062 11526 32221 47472 90431 76650
69558 52361 48754 30941 28327 40519 79907 68009 28168 78393 65776 64868 46410 73519 48320 48566 72710 73011 18698 70450 33576 21916 65385 99270 52756 98504 22255 28786 28124 80502 23566 12693 89299 87524  6713 28536 41164 93399 93822 93453  8793  6398  8518 22500 22025 92742 66429 56813 92397 79290 55060 45564 87203  6555 98380 28881 44952  1291  4250 29167 72524 25265 83793 92549 72641 10393 55667 48197 85543 17118 48520 19755 21458 41444 47713 52616 73398 91450 34606 45648 27288 63046 71424 42441 13376 83087 65930 77211 86102 78400 50502 78220  2331 61355 88628  3450 91463  5527  7757  2700
18758  7159 47527 54028 38917 46204 55622 84963 89537 42287 33668 30473 32476 63955  9308 90819  9065 90983 51861 75874 58642 26469 77087 98798 23850   138 43958 32844 99872 61627 92635 82986 10947 20798 57393 14538 30721 91467 18746 74349 15583 66151 42706 61209  9680  3613 40823 73518 86759 32450 77021 83309 44990 95566 34584 53608 69184 46971 88295  2198 91299 46939 67055 52210 93927 99655 69026 45501 83473 18513 78967 68566 46118 12687 16942  7361 21532 28992 96563 83683 18693 41666 13123 19504   181 42191 91675 63630 37809 39933 98442 74646 89286 25506 23625 78029 30953 47909 89914 76176
29491 78003 31704 95572 79531 49217 92506 58239 41686 14412  8858 48800 40234 74578 91446 56141 36737 18716 39178 42146 30441 57080 66730 57190 54404 61221 17585  2031  9628 95805 58083 33162 87366 96366 11075 20592 49476 94818 95328 54505 51788 48157 14101 11595 10591 65091 67773 38422 83372 22283 29972 86697 67112 84356  1888 18763 25469 52724 77818 88928 82829 32528 64727 85739 88892 42220 73861 40837 23721 36270 35160 27516 79363 72726 41490 72803 76388 72657 44601 79434 11508 36566 41587 95925 48609 78883 13547 58169 56305 49307  9307 67898  9036 91752 12860 44098 47660  3739 77473 28135
80579 66439 69910  9619 55542 15354 59238 20227 73906 55830 48959 32501 98918 76886 50817 96959 52529 52417 36664 88751 25716 17666 73112  4257 10176 28870 18893 11493 26928 36177  3392 76938 35542 35820 87469 26328 20832 47255 82106 98143 74355 47014 53503 17361 13904 32999 16370 13705 38304 47657 11077  1571 55717 26013 30276 14805 72489 57625 92699 57927   567 59563 10778 71093 44270 45424 10668 61369 31156 13294  9148 42420  3799 44970 48511 99004 86572 41584 60438 50100  8638 40225 47724  1325 96984 28486 98662 85727 25768 28557 49847 77248 95913 40052 75203 84539 12777 50170 95224 90236
30911 60173 66639 29521  1560 40868 37046 90754 24869 47905 61466 92200 69934 63986 30471  9449 92935 40658 70610 89343 91035 66753 84254 65740 14725 32879 24564 37131 23360 63451 32311 67363   122 94559 16334 38437 95543 24901 90383  3107 63474 53913 48545 74012 26862 92962 72175 91556 43254 87259 59374 61309 41514 99005 84376 32043 56792   727 41228 63280 80077   284 13106  7702 44414 17728  6000 43603 17698 72455 38278 66646 13251 24284  3252 66485 46113 95210 26077 73032 33906 33341 15683 56082 40333 37166 60059 70907 97283 21442 84111 63139 17031   172 47314 77766  6042 78934 33695  9509
34708 98811 14208  5595 98155 61898 46672  8923 20431 59242 79507 97449 49850 93211 33472 55767  8685 48985 10262 85051 52350 35862 16010 72832 47313 46587 85444 16377 33732 87622 37185 23143 81969 90158 47391 45579 77142 90812 40052 23121 33266 63851 36130 45007 61823 79019 14250 55460 66674 62193 84301 52933 24697  4383 78465 33679 33452 44935 68047 87856 48179 69412 90495 93631 71112 24529 20933 56017 35803 25432 96451 22989 69781 35600 52957  7028 97689 41259 13325 89320 43458 18909 39354 87817 89788 13966 81327 77365 40172 43048  4695 16420 40265 38115 25583 41732 87278 60860 97334 62733
90126 63355  8622 22769 61930 86566 17414 46704 43860 40235 19567  5765  7161  5782 50404 27092 55693 20219 50730 70908 81870 71133  8715 85166 86143 94366 91705 93768 50977 44782 16082 36009 59953 25171 35868 81645 38562 37183 69282 87661 54774 64612 93262 66386 96124 89388   770 87098 51943 34630 59632 30764 23373 29792 87893 59801 13551 72904 39165 19473 20827 60553 13495 63403 39172 54789 19154 94217 54405 24420 45590 67689 17485 63627 40509  2744 49587 80467 24167 79394  9148 21144 77965 74588 30049 83111 14097 26637 72669 51814 61952 54966 24458  9668 15888 31538  3784 78643 31269 77926
96459 60441 17400 24696 68684 41139 31138 58235 20172 36870 37404 68749 76024 15292 10314 70564 29423 98591 25546 76048 81245 64590 32467 16173 73593  3500 93012 63380 11678 81781 92334 82016 18159 56495 40964 62476 50693 22177  9448 37448 78537 69421 68968 77312 57013  1626 93278 59775 95961 90935 13702 38170 73321 40515 63685  6307 79862 35279 92309 84940  1782  5872 14550 49094 68667 66543 65997 27751  5538  4069 81679 77098 13451 67612 84972 97076 71467 93028 75652 27270 69625 19540 77886 81667 37228 36299 87342 35476 98628 75282 35160 59056  8122 89597  8671 96238 65728 78751 35848  6158
18737 28443 12990 99846 80536 97073 69877 80559 50040 54796 62348 70888  3781 92200 79351 80747 52841 18446  5144 67704  3939 61428 10896 84716 32641 48609 61589 65514 52867 90486 59627 68311 97893 43084 70348 27510 35156 42852 34060 22216 95498 95200 52471  8063 36137 36506 39774 41270 96222 95196  1487 71537 21191 35579 49633 49837 45498 85217 52627 74418 36792 79329 57926  6077 43860 38823 49946 80937 69711 35296 85829 61101 74536  6463 26633 69673 27660 91680 92635 34243 44568 19550 54069 63721  3046 14371 51715 96193 80317 13169 78773 31139  2998 79753  3610 83859 36364 14649 83738 69242
96809 57851 69970  9451 80829 68183 99740 96467 97270 61312 87697 27539 46614 10368  8104 83510 11082 62318 10236 40195 67754 24639  9392 54568 31172 10576 20066 32905 81499 14361 66052 83766 31032 30228 95054 73479 95949 60726 86470 69025  3577 10088  4649 60011 68759 74684 13239 76550 70408 26049  4126 21396 80503 12306 18274 25680 43332  7598 15647 31377 42994 42337 62941 56642 62979 26104  4680 59336 98851  4645 75010 54042  7969 60157 99455 59132 74790 74565 49159 46715 54429 53641 37947  5472 47643 37146 31038 79213 31783 15900 63166 40934 40722 39373 93301 67352 40025 72887 59272 12157
45715 37038 65171 20623 17900 78435  2105 77877 79046 79891 91468 94631 72272 33989 76200 62043 78913 98332 62644 76014 52150 76619 84357 25117 27627 26897  2562 52490  6644 53712   582 71947 97600 95721 53072  2274 27582 45470 14584 10501 31766 91789  2220 83285 65430 83323 39843 38912  2875 17395 57625 21424 20306 32282 55929  3515 10379 63305 73903 96133 60829 50423 60974 58408 74971 54121 98311 18649 47729 87542 22641 17501 44827 72953 25352 36131 17783 93138 86428 85026 97914 47867 78217 53660  7261 14536 95683 33888 16270 28440  2331 63927 82858 37450  2176 93301 61335 67254 16942 13317
72264 45814  5670 11284 29342  2614  8053 88498 57738 14896 90686 95608 72688 33790  5116 74577  4004 86633 79273 28057 54850 33114 14355 95087 22198 11592  5457 36014 48749 61377  6928 41363 57321 30141 51809 66722 19460 21327 75624 86905 38412 86006 50974 49653 88040 47425 29944  6813 45317 81341 79513 15823 68086 36836 20376 20950 71120 63465 17800 63663 34308 53181 33334 88358  5934 92637 96185 16288 50856 63720 62034 34436 56754 91518 76304  4304 76785  4308 83115 38768 63253 22916 66873 79727 74470 90691 68235 25356 98859 33390 76136 12687 35714 39712 68697 95400 13795  5814 57800  9024
98067 45587 30654 69390 51515 27993 40192 47782 36830 37105 19325 34932 13031 42204 81614 40502 62434 95261 73105 77215 65686 96210 89909 46570 52967 17103 38685 30290 37953 25803 69713 81243 38693 74110 57339 10502 40393 64481  9533   957 80386 38518 81658 86401 13923 49197 68094 12208 16027 52511  4375 32528 21857 16891 56468 94661 77381 16657 40900 55653  7698 43347 70061 74679 13992 56953 42584 68501 37574 63774 78852 82223 12224 79687 16822  3463 60183 66790 87423 44609 53954 49067 55442 13945 92833 36951 58367 50088 44386 59766 34580 78360 93111 22325 44285 18427 81131  7339 43690 95022
85989  9952 28996 31200 15585 19930 26877    43   546 29840 82290 95533 21176 80579 44974 66525 31514 72230 52857 84347 98027 41643 82203 75865 55567 24194 23553 62806 98571 45601 28249 51993 61716 60894  2331 96674  5077 96579 73451 88872 62995 48616 93662 26722 45843 92167 81381 75351 12981 60497 54614 31792 23926 53646 14055 84335 73877  2078 33277 32401 89401 45108 38922 12175 22486 41056 84023  6262 10680 27097 37503 88817 14905 80530 63184 39746  8396 88259   607  9140 11755 42336  9294 44210 23574 97019 52106 84690 45428 16633  5159  4332 58294 65692 82255 20084 23540 56669 19773 12407
15538 14658  3969 68328 26880 69196 89277 49424 68790 40492 56412 15717 32959 33978 97008 29376 26489  8853  1225 77969 25949 55243 51835 48593 59697 56734 61352 77881 56326 34891 40269 50635 15400 54537 70587 50801 25328 21976 70005 94376 55406 97159 89675 29896 83039 45858 12901 15572 44040 97463   893 88075 26445 52293 60690 83258 19262 70280 34142  2674 98733 93298 41162 70633 89773 76456 77085 56265 15813 83699 55892 80007 66134 89075 97644 70197 21788 14193 78136 45304 35431 79934 84533 87921   162 42451  5790 16985 21005 43274 48130 10859 56444 84008 59293 13565 81524 17742 75139 85915
31636 13106 50061 22363 31543 81796 75086 23895 43138 28820 97528 60785 41974 37738 40182 24793 78608  8152 77444 65531 18648  8788 13225 89140 72242 48693 91548  2920 36819 16372 50201 76949 60375 44565 63098 67089 54149 39834 34782 51299 56727 42877 74238 23658 89107   615 75699 90969 81997 75836 79215 76622 21557 70093  8893 11416 16752 71180 53580 23623 18598 73706 20253 93104 52755 56802 59845 37607 29617 23022 97207 51131 77316 54755 73507 94138 89188 74694 96555 20658 95029 86419 58531 45125 23711 64858  9326  3063 53599 69083 10624 58515  8305 91338   703 58624 89320 65265 58131 13440
18284 98024 22477 69030 29526  4728 40837 80489 27575 27684 64212 63566 19435 98848 74073 64018 62742 86032 78711 87199 85698 29815 33603 60150 43924 43805 15915 35663 41940 79081  1001 87588 90609 49845  1670 71191 70999 43468 78968 12981 34302 47668  6701 20837 87055 13588  6477 24281 39868  8966 85517 72659 71727  2448 88373 12398 84104  9400 32338 54388 18061 46385 93242 86103 92384 66182 72367  3711 49095 97205 80104 88278 96521 78636  3410 29681 23010 98510 95486 66011 93650 69083 30230 71870  1442 81208 43751 43109 90380 63592  3981  5229 68601 46474 43993 98303 10703  8179    59 28337
30409 68029 63471 21230 53228 20606 78201 73065 24931 96656 22235 82149 83911 75148 27610 27220 18507 99164 13573 60837 61640 49188 48695 27226 82743 15638 20188 88738 11475 26808 57621 34897 47927 54527  4206 28907 28436 57551 73139 47013 76515 81084 12039 95381 52269 20039 80218  8408 30709 59404  7060 86675 11401 83907 91975 76605 76872 51033 96820 94643  3671 82361 63605 74521 36387 95964 19935 85728 33302 59320 53603 80030 45789 30259 53851 51824 17689 80766 53528 59678 72535 22163 17381 33601 84932 41248 76256 47246 11900 30904  7915 77864 58627 71538 76259 61412 17776 92359  1923 50543
24890 86891 81202 80657  1145 22881 55353 24857 65817 83971 76178 93047 64311 55471 76859 34883 15002 15069 25700 27248 25129 78718 60214 96132 67971 72344  5306 34862 26236 99198 86680 92720 41513 58989 31744 36091 81737  2130 35894 56199 58194 92249   890 14743  2252 89821  2567 78149 63919 87898 46361 87119 43193 52431 60300 73355 65512 50910 15224 22622 60048 63956 24568 62486 46186 90217 84866  9512 11227 16297 44418 17944 52453 39016 54340 65167 37090 48009 67192 97514 85348 30643 38355 13559 49212 20039 29900 76347 18027  4318 87099 60665  7807 93720 39685 77030 51232 92653 88755 50622
57697 34003 43094 83919  7646     6 78458 66920 98856  2568 63260 68276 45097 43003 88161 95973 80024 12362  3024 12973 56429 41691 47776  3886  9714 16320 12383 14947 66816 15170 60205 14667 39983  5415 92509 98197 69425 30881 78066 93843 90657 41229 73964 14360 69235 55831 54835 11340 46653 24878 38711 67459 44205  8093  3790 23721 57268 28014 84822 46125 47043 51681 89614 94159 96962 22169 12226 96059 86858 78803  4270 55943 11911 70942 94310 21521 25380 25214 16851 55714 31234 46387 39419 43759 78861 69984 11868 87037  2432 12632 57780 89258 83286 16545 47117 78874 13911 95936 43638  9081